598.2773986370186 , 1215.8556289716018 , 854.8557784297383
652.203855413 , 1215.8556289716018 , 655.621266980682
722.0676598202369 , 1215.8556289716018 , 1092.480738566839
851.0894354108594 , 1215.8556289716018 , 1058.7800444526217
1061.0979526270044 , 1215.8556289716018 , 1441.5909860469728
1228.2176772665473 , 1215.8556289716018 , 1531.5083146676523
1397.1279988397189 , 1215.8556289716018 , 1915.7107198751728
1624.3020741647183 , 1215.8556289716018 , 2090.6072974751196
1913.1156285861255 , 1215.8556289716018 , 2530.810995167117
2245.032870698029 , 1215.8556289716018 , 2879.5764266807305
2556.620414448608 , 1215.8556289716018 , 3369.419528920505
3011.5889061539488 , 1215.8556289716018 , 3900.980589585185
3408.6607625316956 , 1215.8556289716018 , 4567.684660020407
4126.571599618578 , 1215.8556289716018 , 5113.757634445968
4624.30367582092 , 1215.8556289716018 , 6139.950237835602
5439.653687930716 , 1215.8556289716018 , 6759.111074734774
6242.650428344966 , 1215.8556289716018 , 7970.266053684127
7403.689722952351 , 1215.8556289716018 , 9638.350855623848
8259.214684898505 , 1215.8556289716018 , 10420.624354506881
9748.800390218 , 1215.8556289716018 , 12695.793509044046
10868.752656347815 , 1215.8556289716018 , 13780.81771125516
12732.864919793694 , 1215.8556289716018 , 16462.359067837995
14781.06220279442 , 1215.8556289716018 , 18926.940166264725
17428.8380658575 , 1215.8556289716018 , 22174.849236733575
20080.70252073551 , 1215.8556289716018 , 25114.8747102475
23775.539089098314 , 1215.8556289716018 , 28660.707299385762
26937.183881733294 , 1215.8556289716018 , 33619.02244984162
29787.829082987373 , 1215.8556289716018 , 38131.039212051975
34453.560111241684 , 1215.8556289716018 , 42546.35328495845
37867.34593869448 , 1215.8556289716018 , 48521.62027582966
44887.16804986858 , 1215.8556289716018 , 54079.797575682314
50063.479873400494 , 1215.8556289716018 , 62451.895352008854
59386.28935127727 , 1215.8556289716018 , 72644.52581539811
72194.59366113061 , 1215.8556289716018 , 82646.63404544006
75580.31166539178 , 1215.8556289716018 , 96577.87873364576
86039.30756172747 , 1215.8556289716018 , 103348.9416050394
98460.98183004404 , 1215.8556289716018 , 116089.99809268671
116141.14805635165 , 1215.8556289716018 , 137558.4551360212
127979.6443548269 , 1215.8556289716018 , 155535.45928799445
147615.54717694366 , 1215.8556289716018 , 179663.60997391472
165950.7087884194 , 1215.8556289716018 , 198295.1089579206
185873.53262892005 , 1215.8556289716018 , 224076.65061283324
216694.90029272987 , 1215.8556289716018 , 260640.236350118
245857.33187681335 , 1215.8556289716018 , 298184.9369277301
269437.880919299 , 1215.8556289716018 , 340991.0849086787
323367.0782668528 , 1215.8556289716018 , 356693.75958585984
337614.54880623095 , 1215.8556289716018 , 429222.77578783286
421179.0061023323 , 1215.8556289716018 , 470594.15438395366
456964.4666069121 , 1215.8556289716018 , 544914.1062601318
533306.884028624 , 1215.8556289716018 , 623258.7706960418
552320.559909005 , 1215.8556289716018 , 668682.1590843088
632086.1372556412 , 1215.8556289716018 , 747040.8006036624
738213.2591160409 , 1215.8556289716018 , 814897.797577616
792767.8283600743 , 1215.8556289716018 , 993228.8949514593
963801.7874761588 , 1215.8556289716018 , 1087715.7063110382
1086920.389734545 , 1215.8556289716018 , 1213513.9389659427
1276253.0317876707 , 1215.8556289716018 , 1447950.9235761277
1494540.4720514168 , 1215.8556289716018 , 1608997.2192350298
1530977.155650903 , 1215.8556289716018 , 1927296.3203718439
1998173.2474721083 , 1215.8556289716018 , 2094322.5445878138
2039967.0782800654 , 1215.8556289716018 , 2556575.6686714995
2498540.7099816925 , 1215.8556289716018 , 2682461.4580725664
2595078.7875108873 , 1215.8556289716018 , 3071952.548917628
3288661.9438575064 , 1215.8556289716018 , 3678694.52669138
3522339.4596267147 , 1215.8556289716018 , 4096667.1080578025
4459589.925685004 , 1215.8556289716018 , 4636467.936209712
5281501.401172756 , 1215.8556289716018 , 5608945.619049025
5583467.8742400445 , 1215.8556289716018 , 6789682.6002326105
6854788.76712689 , 1215.8556289716018 , 6344656.131278947
8099655.894243321 , 1215.8556289716018 , 8717399.297875168
8791241.247669114 , 1215.8556289716018 , 9252765.131682154
9913635.527720291 , 1215.8556289716018 , 1.0963386693993617E7
1.176761847672489E7 , 1215.8556289716018 , 1.1012749220203964E7
1.3021365547572557E7 , 1215.8556289716018 , 1.4549488329170013E7
1.7165263082048465E7 , 1215.8556289716018 , 1.5565502719232572E7
1.6729734408607401E7 , 1215.8556289716018 , 1.7901819637214884E7
2.0828034663235243E7 , 1215.8556289716018 , 2.0348308840015937E7
2.1949130978031125E7 , 1215.8556289716018 , 1.892841284143748E7
2.6629791098448943E7 , 1215.8556289716018 , 2.9930702449749514E7
2.1970141387955725E7 , 1215.8556289716018 , 2.660446084334259E7
3.2732074944685765E7 , 1215.8556289716018 , 3.2707158615435384E7
3.48818124912934E7 , 1215.8556289716018 , 3.1514894349179633E7
3.792480216598976E7 , 1215.8556289716018 , 3.9605013980586745E7
4.478089626297219E7 , 1215.8556289716018 , 4.304618998031332E7
5.32703229805071E7 , 1215.8556289716018 , 4.945387899016735E7
6.491058064787887E7 , 1215.8556289716018 , 6.407281038097133E7
5.761912208532991E7 , 1215.8556289716018 , 6.237402956517086E7
7.062052211774586E7 , 1215.8556289716018 , 7.082497444815712E7
6.861989318165122E7 , 1215.8556289716018 , 7.494807980720995E7
9.021139999952194E7 , 1215.8556289716018 , 8.236547531297208E7
9.394791952174632E7 , 1215.8556289716018 , 1.0269150773014316E8
1.091633005020351E8 , 1215.8556289716018 , 1.0968446785845783E8
1.2375122378256805E8 , 1215.8556289716018 , 1.1518575203120981E8
1.5566088276388124E8 , 1215.8556289716018 , 1.565266706291407E8
1.7315538981554395E8 , 1215.8556289716018 , 1.485477383327749E8
1.9022194397624275E8 , 1215.8556289716018 , 1.9622576963141096E8
2.0764245363667676E8 , 1215.8556289716018 , 1.6699120810228002E8
2.5775963280659834E8 , 1215.8556289716018 , 2.639702012985201E8
2.7049446597643435E8 , 1215.8556289716018 , 2.409705461403448E8
2.963614041656123E8 , 1215.8556289716018 , 3.0793652360456836E8
2.885613403334137E8 , 1215.8556289716018 , 3.050807089754223E8
3.76463272515579E8 , 1215.8556289716018 , 3.7912763320342255E8
3.376535039700252E8 , 1215.8556289716018 , 3.924471315038719E8
4.74471694537146E8 , 1215.8556289716018 , 4.3721970370491195E8
5.85559953046722E8 , 1215.8556289716018 , 5.787231803103709E8
5.169849487655271E8 , 1215.8556289716018 , 5.610896353377427E8
6.441550584980825E8 , 1215.8556289716018 , 5.812033101203628E8
6.16151416629581E8 , 1215.8556289716018 , 6.73578145743534E8
8.331282830729845E8 , 1215.8556289716018 , 7.617422990734878E8
7.105911059693583E8 , 1215.8556289716018 , 7.96739464958694E8
1.0338079967268965E9 , 1215.8556289716018 , 9.791959351997257E8
1.1292455720708015E9 , 1215.8556289716018 , 1.185360252946489E9
1.256185110139678E9 , 1215.8556289716018 , 1.2232141761497955E9
1.2572771303715217E9 , 1215.8556289716018 , 1.3259117248576581E9
1.5804743954115274E9 , 1215.8556289716018 , 1.413435498682636E9
1.8084911433237665E9 , 1215.8556289716018 , 1.7695754577672536E9
1.9294692622279952E9 , 1215.8556289716018 , 1.959372030532857E9
2.0028729961129615E9 , 1215.8556289716018 , 2.157350523264243E9
2.3927009739909396E9 , 1215.8556289716018 , 2.4513839213761463E9
2.7832255517896976E9 , 1215.8556289716018 , 2.316626372517011E9
3.5528113378321695E9 , 1215.8556289716018 , 3.4239729635183773E9
3.3903979110981913E9 , 1215.8556289716018 , 3.6249246128412757E9
5.360526226259858E9 , 1215.8556289716018 , 4.017097132419247E9
5.384859099575726E9 , 1215.8556289716018 , 3.8839062631247005E9
7.002781416055818E9 , 1215.8556289716018 , 6.630917984542633E9
9.322098904596882E9 , 1215.8556289716018 , 5.699309353720457E9
9.850007277896017E9 , 1215.8556289716018 , 5.196237743261484E9
1.2998534418021027E10 , 1215.8556289716018 , 1.1677440455956858E10
2.2974294652289665E10 , 1215.8556289716018 , 1.1586980915282452E10
1.4233630097592339E10 , 1215.8556289716018 , 1.985465825394727E10
2.3701720292812153E10 , 1215.8556289716018 , 1.2302890883748352E10
1.967046326654744E10 , 1215.8556289716018 , 2.1807035830287693E10
3.1069749420543213E10 , 1215.8556289716018 , 1.6397979429327044E10
3.3736505217512775E10 , 1215.8556289716018 , 3.2312776463858776E10
5.2287051842615234E10 , 1215.8556289716018 , 2.402555322816411E10
2.2365255956333508E10 , 1215.8556289716018 , 3.7263317503284256E10
5.875825694067403E10 , 1215.8556289716018 , 3.7534922393679596E10
3.543471180777745E10 , 1215.8556289716018 , 4.8791875059485085E10
9.406294322082991E10 , 1215.8556289716018 , 4.938287012191079E10
3.632612206482409E10 , 1215.8556289716018 , 6.7341286974213455E10
9.837925794741731E10 , 1215.8556289716018 , 5.421204675434682E10
1.0846639669657603E11 , 1215.8556289716018 , 1.1034289859457402E11
5.667555683194497E10 , 1215.8556289716018 , 8.468270785807791E10
8.782192082929831E10 , 1215.8556289716018 , 5.048557664258969E10
4.352827073487842E10 , 1215.8556289716018 , 6.826889752679467E10
9.1050309963014E10 , 1215.8556289716018 , 6.5292460995880875E10
1.1570136958922818E11 , 1215.8556289716018 , 4.787074309270406E10
1.401322738651594E11 , 1215.8556289716018 , 1.3572121593186774E11
8.064429954046213E10 , 1215.8556289716018 , 1.1260803177198978E11
1.536306802389936E11 , 1215.8556289716018 , 1.0835537672109888E11
1.46896558435908E11 , 1215.8556289716018 , 1.4611065654207855E11
2.3852290866402933E11 , 1215.8556289716018 , 1.3893573398873123E11
1.4081766095723087E11 , 1215.8556289716018 , 1.981768264823687E11
2.1672417401879373E11 , 1215.8556289716018 , 1.4461058697458264E11
1.3382557436540388E11 , 1215.8556289716018 , 1.6995119635435922E11
2.7129967474586905E11 , 1215.8556289716018 , 2.0831028589272125E11
2.6270711817934103E11 , 1215.8556289716018 , 1.7894808938949442E11
3.1466386625551404E11 , 1215.8556289716018 , 3.0019086791960895E11
3.773955100682916E11 , 1215.8556289716018 , 1.9934258027897864E11
3.459732671943941E11 , 1215.8556289716018 , 3.615906779763403E11
2.810918751753451E11 , 1215.8556289716018 , 2.742722672852202E11
4.125953911487818E11 , 1215.8556289716018 , 3.397020578370428E11
4.194966872635636E11 , 1215.8556289716018 , 3.608114934253772E11
5.139741934495324E11 , 1215.8556289716018 , 4.048746645195689E11
4.4429901483140784E11 , 1215.8556289716018 , 3.7701445184370233E11
5.050984222384438E11 , 1215.8556289716018 , 4.669101111547585E11
5.96132755369882E11 , 1215.8556289716018 , 5.409228566044066E11
8.158742911101145E11 , 1215.8556289716018 , 6.334795586243423E11
7.761363116213488E11 , 1215.8556289716018 , 7.91275130523028E11
7.9932557887719E11 , 1215.8556289716018 , 7.186352086294725E11
9.529744455658865E11 , 1215.8556289716018 , 8.284058566609586E11
1.0115241936026127E12 , 1215.8556289716018 , 7.744579858562913E11
9.753846659265785E11 , 1215.8556289716018 , 9.178790759973888E11
9.790446315055044E11 , 1215.8556289716018 , 9.428099591529073E11
1.1341657966504253E12 , 1215.8556289716018 , 1.0430190565014897E12
1.3901529487994685E12 , 1215.8556289716018 , 1.2214484818072239E12
1.784460632304005E12 , 1215.8556289716018 , 1.458985966759652E12
1.8755803536140657E12 , 1215.8556289716018 , 1.445320323120035E12
1.8920717602054106E12 , 1215.8556289716018 , 1.9276861316960583E12
1.720499757999891E12 , 1215.8556289716018 , 1.9478411938987673E12
2.341796720324914E12 , 1215.8556289716018 , 1.8707800907734336E12
2.5183608077343516E12 , 1215.8556289716018 , 2.220196925464806E12
3.166298297736945E12 , 1215.8556289716018 , 2.6869840789682627E12
4.049532516774599E12 , 1215.8556289716018 , 3.3305888858023496E12
3.486778598742351E12 , 1215.8556289716018 , 3.855630783782963E12
4.869733624824828E12 , 1215.8556289716018 , 3.2731951609792104E12
4.599517406402939E12 , 1215.8556289716018 , 4.225968121162622E12
5.29072178661883E12 , 1215.8556289716018 , 5.399437274394611E12
5.79277734270496E12 , 1215.8556289716018 , 5.000480596182391E12
6.90714399824711E12 , 1215.8556289716018 , 6.652979017455679E12
6.211336713516616E12 , 1215.8556289716018 , 6.043976894219246E12
1.0061003310326674E13 , 1215.8556289716018 , 8.337157532915915E12
8.852331293275025E12 , 1215.8556289716018 , 8.587299922366176E12
1.2216994947414045E13 , 1215.8556289716018 , 8.563359853271975E12
1.4244960373041709E13 , 1215.8556289716018 , 1.2458849620240945E13
1.6400424436519055E13 , 1215.8556289716018 , 1.2762337464352486E13
1.7843199062107668E13 , 1215.8556289716018 , 1.7318132897737436E13
2.1540041527076055E13 , 1215.8556289716018 , 1.5098994839305793E13
2.6132661751210508E13 , 1215.8556289716018 , 2.429916384383944E13
3.1010644407503215E13 , 1215.8556289716018 , 1.7814064209649934E13
3.115828933081286E13 , 1215.8556289716018 , 3.0746145706062223E13
3.1906967639517176E13 , 1215.8556289716018 , 3.209770021349331E13
3.9564318800913586E13 , 1215.8556289716018 , 2.6107927157138668E13
4.1455102166376055E13 , 1215.8556289716018 , 4.218543151781913E13
5.064591161119446E13 , 1215.8556289716018 , 3.959279350909363E13
6.047767725651959E13 , 1215.8556289716018 , 4.5377572422963375E13
6.04237937279272E13 , 1215.8556289716018 , 5.302359107137016E13
8.462520154552519E13 , 1215.8556289716018 , 5.309778178514147E13
8.914898233319528E13 , 1215.8556289716018 , 7.33259481875683E13
9.035946937800639E13 , 1215.8556289716018 , 8.10306340766793E13
1.3414987037854808E14 , 1215.8556289716018 , 9.428732577318064E13
1.3905735604002264E14 , 1215.8556289716018 , 1.2251572263723169E14
2.2399922249568178E14 , 1215.8556289716018 , 1.3111917276130723E14
2.0349135892380888E14 , 1215.8556289716018 , 1.593302195373393E14
2.5632519330860766E14 , 1215.8556289716018 , 1.7744328193869678E14
2.8017788165127112E14 , 1215.8556289716018 , 1.9920661231664844E14
3.3125436746888975E14 , 1215.8556289716018 , 1.871933620027978E14
3.417501530779253E14 , 1215.8556289716018 , 2.995365684623383E14
4.041115105006682E14 , 1215.8556289716018 , 2.9052390631215344E14
3.323080931529398E14 , 1215.8556289716018 , 2.960492896458424E14
6.046581270216972E14 , 1215.8556289716018 , 4.223286912130341E14
7.704336225931822E14 , 1215.8556289716018 , 4.0890982669436475E14
1.3691908993627318E15 , 1215.8556289716018 , 1.0438163872059989E15
1.5101163487266175E15 , 1215.8556289716018 , 4.7632222480457044E14
1.4356225674670802E15 , 1215.8556289716018 , 1.1800857812417018E15
1.7850911810652462E15 , 1215.8556289716018 , 8.715615435356021E14
2.232681057282629E15 , 1215.8556289716018 , 1.5949609552911862E15
3.5391528985018755E15 , 1215.8556289716018 , 1.8566494068155055E15
2.8554961417124485E15 , 1215.8556289716018 , 3.091461146860259E15
5.792342983971767E15 , 1215.8556289716018 , 2.7055591652718815E15
3.120602806157146E15 , 1215.8556289716018 , 4.581281912330163E15
5.447103370132542E15 , 1215.8556289716018 , 2.0453079803267175E15
5.271624438038758E15 , 1215.8556289716018 , 5.209858088998562E15
7.766574367634911E15 , 1215.8556289716018 , 2.416733943445809E15
1.07162517849462E16 , 1215.8556289716018 , 9.26726967190806E15
6.281654739541137E15 , 1215.8556289716018 , 3.9409009415611325E15
1.0466090637988166E16 , 1215.8556289716018 , 8.442328027483386E15
4.825178848913948E15 , 1215.8556289716018 , 4.726393456487555E15
1.0900076082082538E16 , 1215.8556289716018 , 7.805274402033504E15
8.880431993066697E15 , 1215.8556289716018 , 7.583536242781447E15
1.2049698345826678E16 , 1215.8556289716018 , 6.598103623637943E15
1.0515775063298878E16 , 1215.8556289716018 , 9.207534567469502E15
1.482361867957074E16 , 1215.8556289716018 , 5.508716948233335E15
1.0061992189814278E16 , 1215.8556289716018 , 1.0674406447685708E16
1.0953248541990502E16 , 1215.8556289716018 , 1.1482732045266598E16
1.0170124942244396E16 , 1215.8556289716018 , 6.284393049959284E15
1.2407082918505676E16 , 1215.8556289716018 , 1.1618322709209324E16
1.6651291352475768E16 , 1215.8556289716018 , 1.2082620396315808E16
2.1028280601048692E16 , 1215.8556289716018 , 1.2578612149978846E16
1.437772725317813E16 , 1215.8556289716018 , 1.6215319587293662E16
2.5173685536731836E16 , 1215.8556289716018 , 1.5133241424696546E16
2.2961459360913612E16 , 1215.8556289716018 , 1.1717183455365498E16
3.5124943547711468E16 , 1215.8556289716018 , 2.5772648737362432E16
3.4209528802778772E16 , 1215.8556289716018 , 1.6630206169516916E16
4.3399179363242952E16 , 1215.8556289716018 , 3.4996339255067272E16
4.4829952738976544E16 , 1215.8556289716018 , 1.2877499866488938E16
9.3157332345723664E16 , 1215.8556289716018 , 7.1408946325147896E16
1.52569016646824352E17 , 1215.8556289716018 , 4.0668856627032184E16
3.805316098848084E16 , 1215.8556289716018 , 9.9173010468698928E16
1.52279153843843392E17 , 1215.8556289716018 , 8.2845705119051296E16
1.9797211056516208E17 , 1215.8556289716018 , 5.2628655551058688E16
1.76732932291546464E17 , 1215.8556289716018 , 1.68996787692658912E17
3.2049107113104838E17 , 1215.8556289716018 , 9.546018386168408E16
3.8688882043739757E17 , 1215.8556289716018 , 3.6248931002271366E17
3.0409680704964998E17 , 1215.8556289716018 , 6.987101856648524E16
3.5020246388043027E17 , 1215.8556289716018 , 3.3950110293739219E17
3.4353746493321478E17 , 1215.8556289716018 , 4.5050468004908912E16
5.5156862065352E17 , 1215.8556289716018 , 4.5853098677920064E17
3.8687464948397434E17 , 1215.8556289716018 , 1.452220863981392E17
8.3617272306114291E17 , 1215.8556289716018 , 5.9063176933176358E17
3.0843537763036742E17 , 1215.8556289716018 , 5.1169133846492557E17
7.519476203776567E17 , 1215.8556289716018 , 3.4518130512126624E17
1.35696859597733914E18 , 1215.8556289716018 , 8.556670394977248E17
1.1680583571115287E18 , 1215.8556289716018 , 3.785279448053952E17
2.2723322474124992E18 , 1215.8556289716018 , 1.54274229358051226E18
1.64228439313564032E18 , 1215.8556289716018 , 1.11475492877384525E18
7.4834290010887859E17 , 1215.8556289716018 , 1.21437743832261914E18
2.26712108897260851E18 , 1215.8556289716018 , 8.8035060290483494E17
2.5606710688028314E18 , 1215.8556289716018 , 2.10950181107955379E18
4.0129072579969894E18 , 1215.8556289716018 , 1.2170964384396224E18
1.99889207990942515E18 , 1215.8556289716018 , 3.0891924175078298E18
4.1007968612795361E18 , 1215.8556289716018 , 1.19699060314586931E18
5.3289643779392451E18 , 1215.8556289716018 , 1.95544717402523418E18
7.9096803400623862E18 , 1215.8556289716018 , 4.9201661768039352E18
1.2932989891627878E19 , 1215.8556289716018 , 5.0792186334213192E18
4.5272256300771517E18 , 1215.8556289716018 , 8.6723991306601759E18
1.5914922835305732E19 , 1215.8556289716018 , 8.4075104187577272E18
1.2412318795684485E19 , 1215.8556289716018 , 1.385347215179434E19
1.671334088856231E19 , 1215.8556289716018 , 4.6510332927408333E18
1.5572399902509378E19 , 1215.8556289716018 , 1.4548317841017375E19
1.9543316058834702E19 , 1215.8556289716018 , 4.8915741003849308E18
1.8369668601002736E19 , 1215.8556289716018 , 5.4400751107839242E18
1.3265362062690783E19 , 1215.8556289716018 , 1.5763658196678074E19
2.1993517486633198E19 , 1215.8556289716018 , 5.4227443324285512E18
2.1951912993756426E19 , 1215.8556289716018 , 2.240093417347977E19
3.2960066336116556E19 , 1215.8556289716018 , 1.1119819341380663E19
2.4947433491218133E19 , 1215.8556289716018 , 2.9920280133298987E19
4.047083016093456E19 , 1215.8556289716018 , 1.4588088127209185E19
3.6259513105544315E19 , 1215.8556289716018 , 1.125293559196003E19
4.832386893676869E19 , 1215.8556289716018 , 3.5321367321970983E19
3.28724944839953E19 , 1215.8556289716018 , 2.3706130468193735E19
4.938004908294267E19 , 1215.8556289716018 , 2.8971953788131987E19
4.583291213036125E19 , 1215.8556289716018 , 1.5113350646488158E19
5.107005618691729E19 , 1215.8556289716018 , 3.790360899581745E19
7.196631460577223E19 , 1215.8556289716018 , 2.734061625984726E19
8.761296264661003E19 , 1215.8556289716018 , 1.1210266670769306E19
1.1592302444152011E20 , 1215.8556289716018 , 1.0444634365241475E20
1.0480438632651484E20 , 1215.8556289716018 , 1.1158722411087605E20
9.945485737805344E19 , 1215.8556289716018 , 1.8427441460996033E19
7.741898980814637E19 , 1215.8556289716018 , 8.256182908932016E19
1.0097876748386492E20 , 1215.8556289716018 , 2.4682014206221324E19
6.269288805716159E19 , 1215.8556289716018 , 7.842516344054587E19
1.0226774850432891E20 , 1215.8556289716018 , 2.9971512441460597E19
7.706651198356082E19 , 1215.8556289716018 , 8.702562685146104E19
1.314908096981185E20 , 1215.8556289716018 , 4.149147768965205E19
2.879121373660079E19 , 1215.8556289716018 , 6.280865860557987E19
1.520552334678579E20 , 1215.8556289716018 , 8.594664947955396E19
2.2648454053120483E19 , 1215.8556289716018 , 7.352770434613131E19
1.4303015675511148E20 , 1215.8556289716018 , 8.51547539934496E19
1.0326469245752099E20 , 1215.8556289716018 , 3.716411776177248E19
6.108704471339651E19 , 1215.8556289716018 , 8.492001280538437E19
8.96988612860324E19 , 1215.8556289716018 , 5.337373879635906E19
1.5430923270603463E20 , 1215.8556289716018 , 4.39378107925165E19
2.6748857000454332E19 , 1215.8556289716018 , 8.793575083616394E19
1.6938344269170354E20 , 1215.8556289716018 , 8.350908905651506E19
6.726303952936785E19 , 1215.8556289716018 , 9.546367244184823E19
1.8276876415195405E20 , 1215.8556289716018 , 1.0721514299607246E20
1.9744653639873518E20 , 1215.8556289716018 , 5.164844403063418E19
6.3936203770227204E19 , 1215.8556289716018 , 1.1465438660155094E20
2.1952971405130616E20 , 1215.8556289716018 , 1.1252593312055786E20
1.775454459432619E20 , 1215.8556289716018 , 1.996063089867846E20
1.9652954497554822E20 , 1215.8556289716018 , 3.5850181036255146E19
1.9957467767765582E20 , 1215.8556289716018 , 2.0007692518976002E20
1.603852061695387E20 , 1215.8556289716018 , 8.341399919025629E19
3.0814723905347224E20 , 1215.8556289716018 , 2.4120538716282713E20
2.5947922519579712E20 , 1215.8556289716018 , 1.0788650924616809E20
3.865573072696385E20 , 1215.8556289716018 , 3.353406009319365E20
2.822305574757644E20 , 1215.8556289716018 , 9.2424379015126E19
3.073874270034358E20 , 1215.8556289716018 , 2.995166022103038E20
2.497723592959846E20 , 1215.8556289716018 , 9.605930228099719E19
2.8810331140240848E20 , 1215.8556289716018 , 2.5789229394601748E20
1.8407392919089427E20 , 1215.8556289716018 , 2.1443960353039296E20
3.210180420483083E20 , 1215.8556289716018 , 1.3360022478264884E20
2.0057739338302918E20 , 1215.8556289716018 , 2.1437347058903482E20
3.074148486459533E20 , 1215.8556289716018 , 1.746376973629636E20
2.3369155234774873E20 , 1215.8556289716018 , 1.759643032821352E20
4.231949414528227E20 , 1215.8556289716018 , 2.4848488477854797E20
4.365070014883124E20 , 1215.8556289716018 , 4.215585231483572E20
6.474020830939274E20 , 1215.8556289716018 , 2.277682155575581E20
7.419383242112623E20 , 1215.8556289716018 , 4.103250702772573E20
7.996129072361205E20 , 1215.8556289716018 , 4.95760607436295E20
7.21343689164027E20 , 1215.8556289716018 , 7.214475919173326E20
9.965198867859993E20 , 1215.8556289716018 , 4.188174939741296E20
6.959502474693065E20 , 1215.8556289716018 , 7.624236924708555E20
1.1963831898200408E21 , 1215.8556289716018 , 4.9309662526258414E20
8.150209856842438E20 , 1215.8556289716018 , 9.807298219832653E20
1.1905757910694589E21 , 1215.8556289716018 , 5.0050300190785044E20
1.0679082862085806E21 , 1215.8556289716018 , 1.1089748797544557E21
2.0011287633611831E21 , 1215.8556289716018 , 7.368505511039631E20
2.1082308008356267E21 , 1215.8556289716018 , 2.0448858853561047E21
1.6858090165180335E21 , 1215.8556289716018 , 9.407890312769102E20
3.1805105183007776E21 , 1215.8556289716018 , 2.2131861262982665E21
2.0970795547827757E21 , 1215.8556289716018 , 2.680649722891259E21
2.706253397422236E21 , 1215.8556289716018 , 1.043031068518524E21
2.387093776382182E21 , 1215.8556289716018 , 2.2978435697293168E21
3.7238467574231125E21 , 1215.8556289716018 , 2.0658234892982755E21
4.408448203038531E21 , 1215.8556289716018 , 2.3849525084432593E21
2.9577679904999347E21 , 1215.8556289716018 , 3.072552054403536E21
5.546930963886852E21 , 1215.8556289716018 , 2.497944385144932E21
5.470245910966085E21 , 1215.8556289716018 , 4.936970188398985E21
3.10226563486412E21 , 1215.8556289716018 , 4.2055184742980015E21
7.163745734126014E21 , 1215.8556289716018 , 3.1409652135913214E21
7.146654607692474E21 , 1215.8556289716018 , 6.233573288656881E21
5.828636098339797E21 , 1215.8556289716018 , 4.091728539303724E21
1.0843515424602684E22 , 1215.8556289716018 , 6.547394993337264E21
1.1137385301967446E22 , 1215.8556289716018 , 4.089611167447077E21
6.485604155066601E21 , 1215.8556289716018 , 7.404136492700903E21
1.0667648865835275E22 , 1215.8556289716018 , 5.687343999549013E21
1.2707254812232133E22 , 1215.8556289716018 , 1.0986265583545353E22
9.62929657358317E21 , 1215.8556289716018 , 5.748105211114733E21
1.3962628675152111E22 , 1215.8556289716018 , 1.1448950573388163E22
2.1420081807120535E22 , 1215.8556289716018 , 6.195882427555138E21
1.2832295610724234E22 , 1215.8556289716018 , 1.551785607228462E22
2.2068033798785355E22 , 1215.8556289716018 , 1.1344035873286689E22
2.1557150312140913E22 , 1215.8556289716018 , 2.2261296645067623E22
2.2607714620238354E22 , 1215.8556289716018 , 9.130856021862417E21
1.963483419225809E22 , 1215.8556289716018 , 1.6767841695539399E22
3.2662396383392627E22 , 1215.8556289716018 , 1.7264177071597625E22
2.957919589933893E22 , 1215.8556289716018 , 1.821585572159617E22
2.3228922082999696E22 , 1215.8556289716018 , 1.8835965991319968E22
4.026393932715866E22 , 1215.8556289716018 , 3.2695472908654766E22
2.011770764412921E22 , 1215.8556289716018 , 2.74013450680566E22
4.6620687682909235E22 , 1215.8556289716018 , 2.6831646396215577E22
3.0441029071661777E22 , 1215.8556289716018 , 3.6018140944613543E22
5.744506352957522E22 , 1215.8556289716018 , 3.020070671851822E22
4.8054629615554464E22 , 1215.8556289716018 , 4.5064703913938175E22
6.464377440199498E22 , 1215.8556289716018 , 4.079803666093765E22
7.200809420754806E22 , 1215.8556289716018 , 5.215711587610781E22
6.47757391822875E22 , 1215.8556289716018 , 4.1768711156061195E22
7.160218258240865E22 , 1215.8556289716018 , 4.306661714106333E22
8.311739394142438E22 , 1215.8556289716018 , 7.037962212843131E22
9.658720079142405E22 , 1215.8556289716018 , 4.420743401920906E22
1.028036881729304E23 , 1215.8556289716018 , 1.0593809917428119E23
1.217560479185367E23 , 1215.8556289716018 , 8.163027347391445E22
1.4766114790268636E23 , 1215.8556289716018 , 6.948887406655026E22
1.0950206345105324E23 , 1215.8556289716018 , 1.0258483335339825E23
1.5929109741907272E23 , 1215.8556289716018 , 1.0653547030002213E23
1.7652162274157367E23 , 1215.8556289716018 , 1.3119846537810106E23
1.7548383857476177E23 , 1215.8556289716018 , 1.3982483630225405E23
1.8981922140647033E23 , 1215.8556289716018 , 1.5799133821242277E23
2.0655933091060363E23 , 1215.8556289716018 , 1.2884220054673894E23
2.4849528615800552E23 , 1215.8556289716018 , 1.9729768784483264E23
2.6553735374589838E23 , 1215.8556289716018 , 2.0061505816740596E23
2.87143851248028E23 , 1215.8556289716018 , 1.169975118107052E23
3.9207260667869625E23 , 1215.8556289716018 , 3.478295257572269E23
4.3433476127717776E23 , 1215.8556289716018 , 1.5886603447016052E23
4.823062657788053E23 , 1215.8556289716018 , 4.234885985391636E23
6.904386683610504E23 , 1215.8556289716018 , 3.467402110193451E23
8.649024161558046E23 , 1215.8556289716018 , 6.876163590700376E23
1.0302764071495933E24 , 1215.8556289716018 , 6.774326891672215E23
1.0454184111324042E24 , 1215.8556289716018 , 8.715919451662228E23
6.345056825167682E23 , 1215.8556289716018 , 8.06428888758838E23
1.1149282696729698E24 , 1215.8556289716018 , 5.898532465424899E23
1.1189203045062852E24 , 1215.8556289716018 , 6.876371894737214E23
8.749039979499794E23 , 1215.8556289716018 , 9.065870959810912E23
1.2863073209843105E24 , 1215.8556289716018 , 9.813470166742522E23
1.5368751292572472E24 , 1215.8556289716018 , 1.307904075333428E24
2.112278048934961E24 , 1215.8556289716018 , 1.0672420694686124E24
2.9677548977279145E24 , 1215.8556289716018 , 2.644689301028416E24
3.469759843310161E24 , 1215.8556289716018 , 2.892456953825995E24
6.74337195173723E24 , 1215.8556289716018 , 2.8280611389469183E24
4.624969983404414E24 , 1215.8556289716018 , 5.529583266215835E24
4.3073661703850434E24 , 1215.8556289716018 , 2.039631360778939E24
5.896702885898192E24 , 1215.8556289716018 , 4.879490822170918E24
7.86234468133468E24 , 1215.8556289716018 , 1.930065352804554E24
6.42877625479345E24 , 1215.8556289716018 , 7.279840232887028E24
1.1264595132221352E25 , 1215.8556289716018 , 3.5187685809158504E24
1.8059748753645414E25 , 1215.8556289716018 , 1.5081625689651585E25
1.2906823049392572E25 , 1215.8556289716018 , 1.4398357869864138E25
2.861651326031734E25 , 1215.8556289716018 , 1.1214587200203031E25
7.527052008685687E24 , 1215.8556289716018 , 1.4300899236369722E25
2.9889321846835218E25 , 1215.8556289716018 , 1.8113056099399503E25
1.079417954256279E25 , 1215.8556289716018 , 1.9073985882653173E25
3.1988397612097353E25 , 1215.8556289716018 , 1.6940509118541216E25
1.0338036378106309E25 , 1215.8556289716018 , 1.8875179883149413E25
3.2690792756344046E25 , 1215.8556289716018 , 1.901502800294446E25
1.75163111519371E25 , 1215.8556289716018 , 2.2585223974305663E25
4.817848865695099E25 , 1215.8556289716018 , 2.184999298337369E25
2.137414756606799E25 , 1215.8556289716018 , 3.3604893392036468E25
5.766535743566863E25 , 1215.8556289716018 , 2.518517023850992E25
4.982298267410032E25 , 1215.8556289716018 , 5.364905621549124E25
4.022636418599292E25 , 1215.8556289716018 , 1.7934502280710768E25
6.748936440968387E25 , 1215.8556289716018 , 4.884617112842592E25
4.8668718338705465E25 , 1215.8556289716018 , 2.6442348653911686E25
6.40144280876493E25 , 1215.8556289716018 , 5.245518934004863E25
8.550879466373828E25 , 1215.8556289716018 , 1.9865614363190644E25
1.7497823737257817E26 , 1215.8556289716018 , 1.281328420587668E26
1.1621483479477473E26 , 1215.8556289716018 , 4.8421598669218034E25
2.3904374198330242E26 , 1215.8556289716018 , 1.756539009908306E26
1.788646073414386E26 , 1215.8556289716018 , 4.734059370153497E25
4.786514047289507E26 , 1215.8556289716018 , 3.335922145247966E26
4.061227675813977E26 , 1215.8556289716018 , 4.548638663110943E26
1.5739347223955127E26 , 1215.8556289716018 , 1.4381541268324304E26
6.242084616960124E26 , 1215.8556289716018 , 4.0069400823793575E26
3.2941741281384625E26 , 1215.8556289716018 , 1.7397355823942465E26
5.543635854090017E26 , 1215.8556289716018 , 4.5018092647778544E26
2.9119521366221864E26 , 1215.8556289716018 , 1.6170912767129073E26
6.795075505405113E26 , 1215.8556289716018 , 4.9215641813958714E26
1.0519315206206496E26 , 1215.8556289716018 , 3.8850702124660065E26
6.705677010311361E26 , 1215.8556289716018 , 3.1394287630653056E26
1.4388269038116188E26 , 1215.8556289716018 , 3.145521852219846E26
6.145007687733103E26 , 1215.8556289716018 , 3.837139182219614E26
1.2139308240666867E27 , 1215.8556289716018 , 3.3693739761395234E26
1.9738400295844305E27 , 1215.8556289716018 , 1.6129362345237774E27
1.5399973997497429E26 , 1215.8556289716018 , 1.0938052328939343E27
1.945887889654239E27 , 1215.8556289716018 , 1.0070176422510912E27
1.593103893226811E27 , 1215.8556289716018 , 2.463343085839805E26
3.851134009375111E26 , 1215.8556289716018 , 1.0075221783261734E27
1.1703156373368539E27 , 1215.8556289716018 , 4.614878463637246E26
1.572030644562E27 , 1215.8556289716018 , 2.9042627116270293E26
2.4488810649350055E27 , 1215.8556289716018 , 2.0644686545284258E27
1.684697055961003E27 , 1215.8556289716018 , 2.0913934394756976E27
1.7932195111821212E27 , 1215.8556289716018 , 1.725050042003062E26
1.771283341413164E27 , 1215.8556289716018 , 1.8322872314360034E27
1.9523512607605576E27 , 1215.8556289716018 , 2.19487685320007E26
1.473274440021847E27 , 1215.8556289716018 , 1.7576924275115226E27
2.571122989123116E27 , 1215.8556289716018 , 6.930817262796888E26
2.5410183305466704E27 , 1215.8556289716018 , 2.5954245706478113E27
6.957505865400358E26 , 1215.8556289716018 , 1.1587685714809653E27
2.911652017061326E27 , 1215.8556289716018 , 1.807817067064319E27
1.7672228131476882E27 , 1215.8556289716018 , 2.2988052992524398E27
2.93082489755652E27 , 1215.8556289716018 , 8.228482824268882E26
2.978970495355616E27 , 1215.8556289716018 , 3.043049019941008E27
3.7987070946983396E27 , 1215.8556289716018 , 6.575230295372407E26
7.443825218573582E26 , 1215.8556289716018 , 2.2966063894760043E27
3.837429641712177E27 , 1215.8556289716018 , 2.0622626521436225E27
2.63348282461111E27 , 1215.8556289716018 , 3.1938651193275006E27
3.159603536297439E27 , 1215.8556289716018 , 8.746561562271927E26
2.742276201830828E27 , 1215.8556289716018 , 9.15893900910125E26
1.4803650871068335E27 , 1215.8556289716018 , 2.0693333854080193E27
2.499220875317571E27 , 1215.8556289716018 , 8.856563635373716E26
1.2036922601076168E27 , 1215.8556289716018 , 1.7677432887592036E27
3.145431751426489E27 , 1215.8556289716018 , 1.361726903026158E27
1.4857795428756072E27 , 1215.8556289716018 , 1.152398345388406E27
2.308227505293341E27 , 1215.8556289716018 , 1.9010578966796247E27
1.437163219877292E27 , 1215.8556289716018 , 1.1464276538281988E27
2.103204837764465E27 , 1215.8556289716018 , 1.6295766824266837E27
2.2138663348182627E27 , 1215.8556289716018 , 7.948371048006986E26
2.9384871129880847E27 , 1215.8556289716018 , 2.6124172723307576E27
2.7826628310011147E27 , 1215.8556289716018 , 1.5254614097422447E27
4.244185958323149E27 , 1215.8556289716018 , 3.4823243521055745E27
5.339496108266575E27 , 1215.8556289716018 , 4.1801526557071524E27
4.299367529980142E27 , 1215.8556289716018 , 4.7857317734180007E27
4.8700425031940275E27 , 1215.8556289716018 , 3.1953667941979535E27
4.5611631266382845E27 , 1215.8556289716018 , 2.4912100135507116E27
7.0276859490314E27 , 1215.8556289716018 , 5.671033986435655E27
4.9474721775444275E27 , 1215.8556289716018 , 4.265169990634627E27
9.315431921239126E27 , 1215.8556289716018 , 5.279117455674049E27
6.428519441098121E27 , 1215.8556289716018 , 4.291250625185846E27
7.215360094671857E27 , 1215.8556289716018 , 5.990434442682422E27
9.717114020313261E27 , 1215.8556289716018 , 4.245810214971688E27
8.32964939617186E27 , 1215.8556289716018 , 6.371539286501086E27
1.3853463830466318E28 , 1215.8556289716018 , 7.506073429955947E27
1.0740743147592136E28 , 1215.8556289716018 , 1.1009820693367236E28
1.1803030846524928E28 , 1215.8556289716018 , 6.585352660391006E27
1.0421272170391419E28 , 1215.8556289716018 , 1.1135893569027778E28
1.6598932656087825E28 , 1215.8556289716018 , 9.718941540019903E27
1.8192915431129968E28 , 1215.8556289716018 , 1.480271085543295E28
1.964218896963518E28 , 1215.8556289716018 , 8.353985366509824E27
2.8489925607230127E28 , 1215.8556289716018 , 1.841110126936006E28
1.3230983449748903E28 , 1215.8556289716018 , 1.6816305448584801E28
2.9040149911565218E28 , 1215.8556289716018 , 1.8257291711484863E28
2.445228418549317E28 , 1215.8556289716018 , 1.7229312353224802E28
3.6389029625152012E28 , 1215.8556289716018 , 2.462128099320532E28
4.2088837266929155E28 , 1215.8556289716018 , 2.355035117923366E28
3.428274379668651E28 , 1215.8556289716018 , 3.1685530784933383E28
4.4443379288510314E28 , 1215.8556289716018 , 2.257377333014295E28
6.694389714001607E28 , 1215.8556289716018 , 4.981557746185213E28
3.870160776687366E28 , 1215.8556289716018 , 3.0663521943772466E28
8.008725943070494E28 , 1215.8556289716018 , 5.560915221845674E28
5.176943908484946E28 , 1215.8556289716018 , 3.9341403072079558E28
1.214786748661944E29 , 1215.8556289716018 , 7.69714931163574E28
1.1510084968413838E29 , 1215.8556289716018 , 4.747737615451395E28
1.5552650523089862E29 , 1215.8556289716018 , 1.2188987130328252E29
1.6483858806846805E29 , 1215.8556289716018 , 6.928690361931521E28
1.8894613190410853E29 , 1215.8556289716018 , 1.5919359164804812E29
1.6750551546361022E29 , 1215.8556289716018 , 1.1247994259592922E29
2.1204495072426867E29 , 1215.8556289716018 , 1.782657124287322E29
2.501625000593696E29 , 1215.8556289716018 , 1.2539613927735403E29
3.6671602633616306E29 , 1215.8556289716018 , 2.4710271172866866E29
3.545841441166034E29 , 1215.8556289716018 , 2.8147703455930684E29
3.330208136542481E29 , 1215.8556289716018 , 3.008138581964177E29
4.1624427451544276E29 , 1215.8556289716018 , 2.858900966304608E29
2.9653149807937084E29 , 1215.8556289716018 , 2.715333626785238E29
5.373723780100719E29 , 1215.8556289716018 , 2.3110133631698494E29
2.0347726141222357E29 , 1215.8556289716018 , 3.441370410021485E29
5.960569290550077E29 , 1215.8556289716018 , 3.260126094757541E29
3.4046698014034E29 , 1215.8556289716018 , 4.001137796258419E29
6.625010507858542E29 , 1215.8556289716018 , 3.232606724638951E29
4.15672678451933E29 , 1215.8556289716018 , 4.189537370260958E29
9.334890713558198E29 , 1215.8556289716018 , 4.521837850005198E29
8.037722825620044E29 , 1215.8556289716018 , 3.9946686092040054E29
1.5091624872862333E30 , 1215.8556289716018 , 1.0880096046916885E30
9.256257336935223E29 , 1215.8556289716018 , 5.948861034065784E29
1.511299900502866E30 , 1215.8556289716018 , 1.0731413303813219E30
1.0324766346150454E30 , 1215.8556289716018 , 8.402691650431644E29
1.834696268154324E30 , 1215.8556289716018 , 1.0834380972585445E30
1.7932554168010427E30 , 1215.8556289716018 , 1.2906874420847287E30
2.4859174611197446E30 , 1215.8556289716018 , 1.3530475757851945E30
2.2704427763804006E30 , 1215.8556289716018 , 1.3676361662694494E30
2.67631526345312E30 , 1215.8556289716018 , 1.574854229245838E30
2.66622481268872E30 , 1215.8556289716018 , 1.5644769235163675E30
2.98492669504464E30 , 1215.8556289716018 , 2.0138828367085196E30
2.6149346627143845E30 , 1215.8556289716018 , 1.67792558178856E30
3.090060522095403E30 , 1215.8556289716018 , 2.621176222628724E30
3.060275605093117E30 , 1215.8556289716018 , 1.140569861170457E30
2.9921775231715724E30 , 1215.8556289716018 , 2.904759958222461E30
4.2446236622634927E30 , 1215.8556289716018 , 1.4422459640994955E30
3.008814922391819E30 , 1215.8556289716018 , 2.573067464974739E30
4.6608367264380605E30 , 1215.8556289716018 , 2.981845828472916E30
2.7008157188113527E30 , 1215.8556289716018 , 2.351801792829297E30
5.441130098689003E30 , 1215.8556289716018 , 3.8852018525362286E30
6.426910538930822E30 , 1215.8556289716018 , 4.2563511229445434E30
5.038183887806134E30 , 1215.8556289716018 , 3.917028817686798E30
8.614071245001559E30 , 1215.8556289716018 , 5.766971749605493E30
1.0381185231559204E31 , 1215.8556289716018 , 3.322759530470401E30
1.2523795169144526E31 , 1215.8556289716018 , 9.631817728493852E30
5.832540427508894E30 , 1215.8556289716018 , 7.787508091649698E30
1.0909996001903726E31 , 1215.8556289716018 , 6.362613977471423E30
8.96926245350546E30 , 1215.8556289716018 , 5.835642987282857E30
1.5137230754461404E31 , 1215.8556289716018 , 1.0504644168699496E31
1.5148590403415194E31 , 1215.8556289716018 , 6.037761186673293E30
1.8685350030022244E31 , 1215.8556289716018 , 1.4155689336814756E31
1.609988168607864E31 , 1215.8556289716018 , 1.0950651505351425E31
1.637719004629429E31 , 1215.8556289716018 , 1.2210646806557875E31
1.469814129840185E31 , 1215.8556289716018 , 1.5764823572817422E31
1.9662384559055554E31 , 1215.8556289716018 , 9.542312166193933E30
1.4947774386167926E31 , 1215.8556289716018 , 1.7013064930554387E31
2.4754107503683024E31 , 1215.8556289716018 , 1.1125921394944267E31
3.509495632189216E31 , 1215.8556289716018 , 2.870654595723464E31
3.158133887443263E31 , 1215.8556289716018 , 1.1850820781686283E31
2.0753621191686688E31 , 1215.8556289716018 , 2.1203080009425305E31
3.8056388366239493E31 , 1215.8556289716018 , 2.080657280839689E31
3.3958271697698925E31 , 1215.8556289716018 , 1.7954942328378542E31
5.349193408768466E31 , 1215.8556289716018 , 3.879527724159114E31
3.87185917647419E31 , 1215.8556289716018 , 3.6024731489169903E31
5.437378409670988E31 , 1215.8556289716018 , 2.1317949306423855E31
5.592274812839341E31 , 1215.8556289716018 , 5.015385518252948E31
5.096063700493483E31 , 1215.8556289716018 , 2.8850159195027606E31
5.30346008687283E31 , 1215.8556289716018 , 3.1340099083625694E31
6.112631940211561E31 , 1215.8556289716018 , 4.613168484684741E31
4.570746804843599E31 , 1215.8556289716018 , 3.5665354432090854E31
8.110761479555665E31 , 1215.8556289716018 , 5.303505247790087E31
6.795060365256571E31 , 1215.8556289716018 , 6.344163644350184E31
1.1720740761950677E32 , 1215.8556289716018 , 5.787242408998821E31
9.232311497804085E31 , 1215.8556289716018 , 6.823165975337916E31
1.705145690595887E32 , 1215.8556289716018 , 1.0864233192479094E32
1.4355435029076666E32 , 1215.8556289716018 , 1.3838719764345977E32
1.894747996030762E32 , 1215.8556289716018 , 9.33980879076078E31
1.5141624058634032E32 , 1215.8556289716018 , 1.5833052058167594E32
1.613120800911276E32 , 1215.8556289716018 , 1.0279926913733512E32
1.8393684479465513E32 , 1215.8556289716018 , 1.2933674738898213E32
3.078921379933272E32 , 1215.8556289716018 , 1.2845222684466316E32
2.1231069727510452E32 , 1215.8556289716018 , 1.9664316166148365E32
3.5940895619981E32 , 1215.8556289716018 , 2.3914401544550277E32
2.625066042704641E32 , 1215.8556289716018 , 2.0410170267445303E32
3.392498431582552E32 , 1215.8556289716018 , 2.7549886564138227E32
4.288851971503569E32 , 1215.8556289716018 , 2.8614171298996465E32
4.289117046043561E32 , 1215.8556289716018 , 3.1901932395564683E32
4.4796301855492915E32 , 1215.8556289716018 , 2.5869532955315108E32
5.759461420648205E32 , 1215.8556289716018 , 3.462764695643647E32
4.388900321601066E32 , 1215.8556289716018 , 2.640056922788374E32
6.4593848845564475E32 , 1215.8556289716018 , 4.623236917201901E32
6.926872960823394E32 , 1215.8556289716018 , 3.6105195264888545E32
8.761484333782936E32 , 1215.8556289716018 , 7.20720480628439E32
1.4276826548786056E33 , 1215.8556289716018 , 3.963757099974226E32
1.1353671396353416E33 , 1215.8556289716018 , 1.3321937878001926E33
2.1791519437155008E33 , 1215.8556289716018 , 7.456368257190534E32
2.868148677344337E33 , 1215.8556289716018 , 1.9669630972756534E33
1.9687367970574656E33 , 1215.8556289716018 , 2.025733095781779E33
4.5790907843880885E33 , 1215.8556289716018 , 1.9795379086535762E33
2.0459272345605525E33 , 1215.8556289716018 , 1.8954442465794533E33
4.9835190061914815E33 , 1215.8556289716018 , 3.1537911948929793E33
3.13340696432902E33 , 1215.8556289716018 , 3.449455015739635E33
4.036744280510201E33 , 1215.8556289716018 , 1.6137266732507963E33
3.865348252038743E33 , 1215.8556289716018 , 2.2192686148251687E33
5.1513527563261015E33 , 1215.8556289716018 , 3.2100065005903635E33
4.847671678403137E33 , 1215.8556289716018 , 3.307594881981397E33
4.106251674531664E33 , 1215.8556289716018 , 3.032432214606292E33
3.631384320145235E33 , 1215.8556289716018 , 2.8260368566178544E33
3.627819397231508E33 , 1215.8556289716018 , 2.166591040076464E33
4.237716201707852E33 , 1215.8556289716018 , 2.2765589104789593E33
3.7939044819125683E33 , 1215.8556289716018 , 2.752268856420811E33
6.846972106428715E33 , 1215.8556289716018 , 4.1520160704358136E33
4.7806286050032257E33 , 1215.8556289716018 , 2.9049903450546496E33
6.457738012893537E33 , 1215.8556289716018 , 4.6105368781410114E33
7.435963270011039E33 , 1215.8556289716018 , 3.629136605403834E33
5.18272872676478E33 , 1215.8556289716018 , 5.78179803501967E33
7.988077958331641E33 , 1215.8556289716018 , 3.6137605680670685E33
7.541288897035883E33 , 1215.8556289716018 , 5.209304528781057E33
7.615656234361775E33 , 1215.8556289716018 , 6.767090556954777E33
1.1014986452248516E34 , 1215.8556289716018 , 5.321800046003668E33
1.518627607783435E34 , 1215.8556289716018 , 1.1758256708649777E34
1.4203348412684552E34 , 1215.8556289716018 , 9.642088426128826E33
2.0176835076359155E34 , 1215.8556289716018 , 1.1956164842513172E34
2.4252996919211625E34 , 1215.8556289716018 , 7.966139055655004E33
3.022960139896739E34 , 1215.8556289716018 , 2.381755073468172E34
1.2102593689373279E34 , 1215.8556289716018 , 1.6140311566654803E34
3.228568789407252E34 , 1215.8556289716018 , 2.096507456242708E34
1.7995977852865859E34 , 1215.8556289716018 , 1.5501481557141491E34
3.0489915347972335E34 , 1215.8556289716018 , 2.341163350592474E34
4.461533258906835E34 , 1215.8556289716018 , 1.5634912390994733E34
5.311411799013255E34 , 1215.8556289716018 , 1.778323219182996E34
9.945972813222955E34 , 1215.8556289716018 , 7.694311729905889E34
1.4616108616153048E35 , 1215.8556289716018 , 3.850210840749206E34
2.191115526158096E34 , 1215.8556289716018 , 8.47623447778439E34
1.5977766768364324E35 , 1215.8556289716018 , 9.05552017992414E34
3.5090682228294386E34 , 1215.8556289716018 , 8.092439967909013E34
1.6101275081223871E35 , 1215.8556289716018 , 9.78445040423007E34
7.921942818516412E34 , 1215.8556289716018 , 8.312087736060703E34
2.0141139036496138E35 , 1215.8556289716018 , 1.2974235341515358E35
1.708319583750658E35 , 1215.8556289716018 , 6.630637348370616E34
3.641970758784182E35 , 1215.8556289716018 , 2.4186624934559063E35
1.8266461672884175E35 , 1215.8556289716018 , 2.8279595669303812E35
3.7971356656533414E35 , 1215.8556289716018 , 1.338984059766252E35
1.3604704868493427E35 , 1215.8556289716018 , 2.33441764047771E35
3.33918219766417E35 , 1215.8556289716018 , 1.736229845433743E35
5.102377948781067E35 , 1215.8556289716018 , 1.31053950460203E35
3.1897066929380437E35 , 1215.8556289716018 , 1.768499887814721E35
3.764853856112778E35 , 1215.8556289716018 , 3.234947344252067E35
1.553032115117568E35 , 1215.8556289716018 , 1.3921872285149109E35
3.483570386773636E35 , 1215.8556289716018 , 2.5940467320390744E35
2.555646175950145E35 , 1215.8556289716018 , 1.35373284187994E35
3.8409990208407894E35 , 1215.8556289716018 , 3.0206623917415508E35
2.312424684615641E35 , 1215.8556289716018 , 2.150304650260579E35
5.537347581411585E35 , 1215.8556289716018 , 3.9370235197385264E35
5.596384551510644E35 , 1215.8556289716018 , 4.657206096639821E35
1.2638723828702555E35 , 1215.8556289716018 , 3.402559954148362E35
5.988403966090618E35 , 1215.8556289716018 , 3.387480186907177E35
6.6321371181336435E35 , 1215.8556289716018 , 3.0069028867673813E35
4.4467158202757585E35 , 1215.8556289716018 , 3.459856054949023E35
8.916808368912474E35 , 1215.8556289716018 , 6.048670621932733E35
7.919861561116403E35 , 1215.8556289716018 , 2.246844192039891E35
8.610337630036159E35 , 1215.8556289716018 , 8.48264139812739E35
6.99083493479918E35 , 1215.8556289716018 , 3.8047645182750034E35
1.1090306301136662E36 , 1215.8556289716018 , 8.606041534074538E35
1.7796625406806327E36 , 1215.8556289716018 , 6.2394512946212164E35
1.8375816182414586E36 , 1215.8556289716018 , 1.6624975974903035E36
1.8672366156690622E36 , 1215.8556289716018 , 9.880548350498569E35
2.5951635313247355E36 , 1215.8556289716018 , 1.6919904243900235E36
2.375771978932989E36 , 1215.8556289716018 , 2.3688721312943324E36
3.8004251687381785E36 , 1215.8556289716018 , 1.3065123169245571E36
3.0614904781778346E36 , 1215.8556289716018 , 3.299200672222657E36
3.174931681457095E36 , 1215.8556289716018 , 1.5194273916366096E36
2.817208265900981E36 , 1215.8556289716018 , 1.9616399283136876E36
3.790481124738484E36 , 1215.8556289716018 , 3.394997536563379E36
2.7329110068072184E36 , 1215.8556289716018 , 9.669331881626833E35
6.047986685730348E36 , 1215.8556289716018 , 4.482889218350813E36
3.0952066727895136E36 , 1215.8556289716018 , 3.384004413832814E36
7.159824233356012E36 , 1215.8556289716018 , 3.9545755239675885E36
8.362058364508787E36 , 1215.8556289716018 , 7.543854316160476E36
3.4053057100647504E36 , 1215.8556289716018 , 5.047871622744946E36
1.227389603270625E37 , 1215.8556289716018 , 7.51404232008719E36
1.2527363524586206E37 , 1215.8556289716018 , 1.2888450223223769E37
5.790508214420559E36 , 1215.8556289716018 , 7.516099164305537E36
1.2318688609049678E37 , 1215.8556289716018 , 6.463431054032397E36
9.999938287927597E36 , 1215.8556289716018 , 1.093381222094315E37
1.9082290848568325E37 , 1215.8556289716018 , 6.375431248441336E36
1.074659586653489E37 , 1215.8556289716018 , 5.636367545450099E36
2.745977569481472E37 , 1215.8556289716018 , 1.9739915387118913E37
1.8267511346147242E37 , 1215.8556289716018 , 1.0593930552818083E37
4.61347274917371E37 , 1215.8556289716018 , 3.2514191457043215E37
5.428948996925406E37 , 1215.8556289716018 , 4.354592936569769E37
2.2299192730390195E37 , 1215.8556289716018 , 3.1957687195520494E37
5.1972947500471145E37 , 1215.8556289716018 , 3.1529694638237976E37
1.9504592099746389E37 , 1215.8556289716018 , 3.59770936061317E37
5.011606812291641E37 , 1215.8556289716018 , 3.44879961529477E37
2.3967817753167526E37 , 1215.8556289716018 , 3.3487065424344996E37
7.11477183343489E37 , 1215.8556289716018 , 4.05812140656623E37
3.346029009950189E37 , 1215.8556289716018 , 3.584683931496685E37
5.938571705438855E37 , 1215.8556289716018 , 2.2418216344903793E37
8.491527787749459E37 , 1215.8556289716018 , 7.224397392203393E37
1.3539408653054143E38 , 1215.8556289716018 , 3.30228952404966E37
4.947560231165975E37 , 1215.8556289716018 , 9.31664315186078E37
1.0550209862688018E38 , 1215.8556289716018 , 3.5811126681579637E37
1.805858180294933E38 , 1215.8556289716018 , 1.4569146509971644E38
1.3385291093341495E38 , 1215.8556289716018 , 1.3187346232666944E38
9.371301771545169E37 , 1215.8556289716018 , 1.06027060898679E38
1.966414314187302E38 , 1215.8556289716018 , 8.087891997213033E37
1.5414181643955845E38 , 1215.8556289716018 , 1.7885575633714012E38
2.6150387031060632E38 , 1215.8556289716018 , 1.4729771246098474E38
3.5914057064461026E38 , 1215.8556289716018 , 2.8300825107028615E38
1.106924586273224E38 , 1215.8556289716018 , 2.3044671552552003E38
3.427552864457503E38 , 1215.8556289716018 , 1.6804986298459382E38
3.400987610175758E38 , 1215.8556289716018 , 3.528530262914423E38
2.7339561654226407E38 , 1215.8556289716018 , 1.4900469513509937E38
4.9501677507622055E38 , 1215.8556289716018 , 4.002579002903791E38
4.372495054185658E38 , 1215.8556289716018 , 1.123120026308946E38
1.281297467660061E38 , 1215.8556289716018 , 2.251873681678099E38
4.826202612116462E38 , 1215.8556289716018 , 3.0650694296779017E38
2.394333548736603E38 , 1215.8556289716018 , 3.75584699946199E38
6.351878358182014E38 , 1215.8556289716018 , 2.4444523817537406E38
7.302587575079246E38 , 1215.8556289716018 , 2.0685366461969902E38
4.752650126364368E38 , 1215.8556289716018 , 2.5058481367569933E38
5.268176177852423E38 , 1215.8556289716018 , 4.851437330916986E38
5.98522488899678E38 , 1215.8556289716018 , 1.2888100035828433E38
1.0297371213926204E39 , 1215.8556289716018 , 7.888791676654661E38
2.702487366898771E38 , 1215.8556289716018 , 5.8650392852662324E38
9.960319475742199E38 , 1215.8556289716018 , 5.961179964366974E38
3.3464088819441457E38 , 1215.8556289716018 , 6.71557913243732E38
9.47720313748532E38 , 1215.8556289716018 , 5.2473050062044235E38
1.518007328377792E39 , 1215.8556289716018 , 1.223393633060515E39
1.2094090154834153E39 , 1215.8556289716018 , 2.620631845941018E38
1.5221703595868697E39 , 1215.8556289716018 , 1.3279038277212667E39
6.194230416586569E38 , 1215.8556289716018 , 9.90004703680362E38
1.7336171748294618E39 , 1215.8556289716018 , 8.295594676061744E38
1.5273004919626967E39 , 1215.8556289716018 , 1.5649915331318484E39
1.1981585884083643E39 , 1215.8556289716018 , 1.1755327079521251E39
2.42382850329406E39 , 1215.8556289716018 , 1.2565232040821644E39
1.4745379514736577E39 , 1215.8556289716018 , 6.261734833693237E38
1.7004658390587237E39 , 1215.8556289716018 , 1.5443552787789377E39
2.2784239772211446E39 , 1215.8556289716018 , 4.84259760708754E38
3.834562761328523E39 , 1215.8556289716018 , 3.1412016610249136E39
3.3232154968945644E39 , 1215.8556289716018 , 1.5513486722295333E39
2.812998506813285E39 , 1215.8556289716018 , 1.9563364600273423E39
5.4423283438748064E39 , 1215.8556289716018 , 1.6826505021835225E39
6.79496508625617E39 , 1215.8556289716018 , 4.607745910322421E39
6.588578800368346E39 , 1215.8556289716018 , 6.744979380118439E39
1.568501172631956E40 , 1215.8556289716018 , 5.284457471985785E39
2.488308462902699E39 , 1215.8556289716018 , 9.01512712696619E39
1.4824967583426117E40 , 1215.8556289716018 , 7.436951361357454E39
1.3859358496974321E40 , 1215.8556289716018 , 1.4645687857222958E40
5.1575897421197024E39 , 1215.8556289716018 , 7.180735902727446E39
8.785166391077298E39 , 1215.8556289716018 , 4.705936637149154E39
8.431359120975388E39 , 1215.8556289716018 , 5.900256713600655E39
8.691957205928658E39 , 1215.8556289716018 , 5.208682348235106E39
1.9182225805331828E40 , 1215.8556289716018 , 1.4148839385162795E40
4.018384892193982E39 , 1215.8556289716018 , 9.358779801944956E39
2.0766846271944497E40 , 1215.8556289716018 , 1.2561353460043166E40
2.8867785716210867E40 , 1215.8556289716018 , 7.60879003704388E39
3.9532583001544334E40 , 1215.8556289716018 , 3.493533507526778E40
2.3604540337191525E40 , 1215.8556289716018 , 3.2751545818575584E40
3.2699176241753547E40 , 1215.8556289716018 , 9.456405655796379E39
1.3970045080559403E40 , 1215.8556289716018 , 1.6034896907265261E40
3.3333297419959103E40 , 1215.8556289716018 , 1.9791666893113893E40
1.1346743077412103E40 , 1215.8556289716018 , 2.1510597165416373E40
4.488586589748292E40 , 1215.8556289716018 , 2.040237156043704E40
3.070654312487945E40 , 1215.8556289716018 , 3.871304417506211E40
4.918168981070812E40 , 1215.8556289716018 , 1.153170852907964E40
2.676706982276716E40 , 1215.8556289716018 , 3.7895821446577336E40
6.547062542465717E40 , 1215.8556289716018 , 2.6144437222502834E40
3.6376537604042605E40 , 1215.8556289716018 , 3.0754768139091396E40
7.804573583045445E40 , 1215.8556289716018 , 5.038176918613341E40
4.810658717725013E40 , 1215.8556289716018 , 2.514027068926652E40
5.657735164160471E40 , 1215.8556289716018 , 5.212070400306071E40
8.996989903190525E40 , 1215.8556289716018 , 2.0579956104732654E40
6.22913824819752E40 , 1215.8556289716018 , 7.74206344642038E40
1.1666713890146383E41 , 1215.8556289716018 , 3.1745467561781177E40
1.435214420772751E41 , 1215.8556289716018 , 1.279053721034469E41
2.013532528285672E41 , 1215.8556289716018 , 4.439001998007862E40
3.0485098981765156E41 , 1215.8556289716018 , 2.5798353625591408E41
2.343577055358288E41 , 1215.8556289716018 , 4.773988034562303E40
4.127196460534568E41 , 1215.8556289716018 , 3.3240868210290066E41
2.227446070144868E41 , 1215.8556289716018 , 1.129174304505191E41
6.539169302084271E41 , 1215.8556289716018 , 4.471733406498045E41
4.934943960285955E41 , 1215.8556289716018 , 5.905369611449903E41
1.512375917854651E41 , 1215.8556289716018 , 1.880660004521509E41
6.518199255631042E41 , 1215.8556289716018 , 4.134456152616589E41
3.3654126868143593E40 , 1215.8556289716018 , 3.3729965869848412E41
6.733329381657915E41 , 1215.8556289716018 , 3.575387754811816E41
2.597192037143664E41 , 1215.8556289716018 , 2.3601953892201078E41
8.645344429915424E41 , 1215.8556289716018 , 5.632634101191318E41
1.8264394112836812E42 , 1215.8556289716018 , 5.3083525036585E41
2.8619493510307E42 , 1215.8556289716018 , 2.4201874328986153E42
2.9617839687957575E42 , 1215.8556289716018 , 1.0209578969198389E41
1.2007362790831631E42 , 1215.8556289716018 , 2.1416933511703866E42
3.510348371764897E42 , 1215.8556289716018 , 1.2282195855925175E42
3.5945663654005045E42 , 1215.8556289716018 , 3.670627100723009E42
9.17337066735483E42 , 1215.8556289716018 , 2.9383816542168196E42
1.1051468721488355E43 , 1215.8556289716018 , 1.0454918835910331E43
1.042325517639421E43 , 1215.8556289716018 , 4.133254537609039E41
4.628569403981734E42 , 1215.8556289716018 , 3.075880830932465E42
1.179047097965383E43 , 1215.8556289716018 , 8.444706605820791E42
1.8236806062693067E42 , 1215.8556289716018 , 7.048553022019384E42
1.067430492634509E43 , 1215.8556289716018 , 4.604342215407011E42
1.6693681301356266E43 , 1215.8556289716018 , 1.4165918846792277E43
7.668696881678062E42 , 1215.8556289716018 , 4.9113715095766294E42
7.243819737438076E42 , 1215.8556289716018 , 7.68965987678295E42
7.881953030283625E42 , 1215.8556289716018 , 5.043035411051569E41
1.0060776664163719E43 , 1215.8556289716018 , 9.251110222478763E42
3.326138181380042E42 , 1215.8556289716018 , 3.880404396212651E42
1.0722602100587782E43 , 1215.8556289716018 , 7.199722066456592E42
8.619575908854311E42 , 1215.8556289716018 , 1.41074171546421E42
1.85441790771694E42 , 1215.8556289716018 , 5.46384224954141E42
7.549915052192181E42 , 1215.8556289716018 , 3.3569963915223853E42
2.207678749344146E42 , 1215.8556289716018 , 3.5091448036663105E42
9.308023860821692E42 , 1215.8556289716018 , 5.674110887108644E42
1.2447624203712683E43 , 1215.8556289716018 , 2.1683381088965965E42
1.523541144989327E42 , 1215.8556289716018 , 7.075494601647353E42
1.2859874991120518E43 , 1215.8556289716018 , 6.366241104313643E42
2.230371136367115E42 , 1215.8556289716018 , 7.699009700406044E42
1.1673894562918155E43 , 1215.8556289716018 , 5.150782056286143E42
1.9150491184197469E43 , 1215.8556289716018 , 1.5785061692673579E43
1.759273126682568E43 , 1215.8556289716018 , 1.4809766277213775E42
1.2760134561105768E43 , 1215.8556289716018 , 1.567185829038588E43
3.8597493675846554E42 , 1215.8556289716018 , 8.334174027930636E42
1.2358392638991586E43 , 1215.8556289716018 , 5.174788553024617E42
8.754996399227172E42 , 1215.8556289716018 , 1.038821992053766E43
1.378067993948379E43 , 1215.8556289716018 , 3.397843367058308E42
3.218219254670951E42 , 1215.8556289716018 , 7.537837302225574E42
1.6457982298453277E43 , 1215.8556289716018 , 8.642112055117036E42
1.1610262666173805E43 , 1215.8556289716018 , 1.3200568902331806E43
3.0162097342190846E43 , 1215.8556289716018 , 1.1622620256798774E43
2.84383212999837E43 , 1215.8556289716018 , 3.394231013427312E42
3.5544516320259135E43 , 1215.8556289716018 , 3.201659589350961E43
5.907054058037039E43 , 1215.8556289716018 , 1.4077395024456913E43
3.4830111342817263E43 , 1215.8556289716018 , 4.888449507078548E43
8.505993418465374E43 , 1215.8556289716018 , 2.67506157534807E43
5.593807910015546E43 , 1215.8556289716018 , 7.166850358676015E43
7.605634044333263E43 , 1215.8556289716018 , 1.486619918519676E43
3.613401293016369E43 , 1215.8556289716018 , 5.416610367567613E43
4.517799173851953E43 , 1215.8556289716018 , 9.560393153367652E42
8.29257668411989E43 , 1215.8556289716018 , 6.635869760403336E43
7.655945035478365E43 , 1215.8556289716018 , 7.49184633565814E42
6.075621464867657E43 , 1215.8556289716018 , 6.882766202703229E43
6.851127429019979E43 , 1215.8556289716018 , 1.162877433953318E43
5.754544794822648E43 , 1215.8556289716018 , 5.287424655607716E43
2.434722197224116E43 , 1215.8556289716018 , 2.791946659176207E43
6.89002859169749E43 , 1215.8556289716018 , 4.141425728072074E43
6.000904679251477E43 , 1215.8556289716018 , 2.4490326928457147E43
8.094327029801328E43 , 1215.8556289716018 , 7.017745576611104E43
6.589195555497234E43 , 1215.8556289716018 , 2.2623747531187704E43
1.6159315704113474E44 , 1215.8556289716018 , 1.0781555030304002E44
1.2145524775822203E44 , 1215.8556289716018 , 4.639936083796272E43
2.3997172686224284E44 , 1215.8556289716018 , 1.6889331579841294E44
8.335694907665913E43 , 1215.8556289716018 , 8.772102469829037E43
2.0622484753770113E44 , 1215.8556289716018 , 1.4806412422303516E44
1.4314619948816359E44 , 1215.8556289716018 , 1.448030108378737E44
3.290609776888475E44 , 1215.8556289716018 , 1.410701613403879E44
1.1617733983227545E44 , 1215.8556289716018 , 1.3905412118524046E44
3.0424017336305087E44 , 1215.8556289716018 , 2.1898466672105516E44
1.3751050068455394E44 , 1215.8556289716018 , 1.107505302838976E44
3.2071603802653056E44 , 1215.8556289716018 , 2.38450351263444E44
2.0834056422197883E44 , 1215.8556289716018 , 2.3976358034309722E44
1.7441964023715487E44 , 1215.8556289716018 , 3.26716874846363E43
2.587807457058348E44 , 1215.8556289716018 , 2.1711914116280873E44
2.4040921884321293E44 , 1215.8556289716018 , 5.393843789838696E43
2.7544287714676827E44 , 1215.8556289716018 , 2.5235033335443917E44
3.21595461690799E44 , 1215.8556289716018 , 8.21592552056866E43
2.1879551631845233E44 , 1215.8556289716018 , 2.7446250977309236E44
3.781082814347066E44 , 1215.8556289716018 , 1.0714056494483535E44
3.6483696514098385E44 , 1215.8556289716018 , 3.791834475613567E44
2.7156442259146758E44 , 1215.8556289716018 , 2.4156572919446113E44
3.851134478064244E44 , 1215.8556289716018 , 2.713797630704375E44
5.1088054883032E44 , 1215.8556289716018 , 2.881156479846778E44
4.4686276125354934E44 , 1215.8556289716018 , 3.3980563991709655E44
8.543078321051016E44 , 1215.8556289716018 , 3.965976044193179E44
4.349062237617102E44 , 1215.8556289716018 , 5.680270561247153E44
9.095020056692657E44 , 1215.8556289716018 , 3.6988147590828475E44
5.497498497572152E44 , 1215.8556289716018 , 4.525473003435145E44
1.0351033923270103E45 , 1215.8556289716018 , 6.1869025752707415E44
1.730926465098549E45 , 1215.8556289716018 , 7.743036128563108E44
1.1998341585696657E45 , 1215.8556289716018 , 5.038479882944675E44
1.2134995442403077E45 , 1215.8556289716018 , 1.0201037830358039E45
1.2205333789759528E45 , 1215.8556289716018 , 1.2049892006512597E45
1.2067518422640706E45 , 1215.8556289716018 , 1.101314008090129E45
1.2757776742511751E45 , 1215.8556289716018 , 1.2472030130781269E45
1.687206561194836E45 , 1215.8556289716018 , 1.3068126388705749E45
2.3549453468926816E45 , 1215.8556289716018 , 1.1805399452355693E45
2.1343920154325095E45 , 1215.8556289716018 , 2.0671630777302154E45
3.566458428653049E45 , 1215.8556289716018 , 1.177943136431521E45
3.72179400745139E45 , 1215.8556289716018 , 4.597117892364075E44
5.492882174122938E45 , 1215.8556289716018 , 4.2423858226450684E45
4.2335052029541074E45 , 1215.8556289716018 , 2.16765562585085E45
6.261442866283621E45 , 1215.8556289716018 , 4.388589104041926E45
5.856681924267051E45 , 1215.8556289716018 , 2.0217081525729893E45
5.930998580923593E45 , 1215.8556289716018 , 6.026175365325233E45
7.400605057606992E45 , 1215.8556289716018 , 9.172219966656127E44
1.0102615938596496E46 , 1215.8556289716018 , 9.011191084032395E45
1.5070375469331467E46 , 1215.8556289716018 , 2.695992925177925E45
2.1628946909424167E46 , 1215.8556289716018 , 1.8935168592346635E46
6.205780834087231E45 , 1215.8556289716018 , 8.592395616968556E45
2.728581483071889E46 , 1215.8556289716018 , 1.6832210818871558E46
2.0233220348163003E46 , 1215.8556289716018 , 4.579320032929181E45
3.8693291796690305E46 , 1215.8556289716018 , 2.9725618778425273E46
3.2365364581509005E46 , 1215.8556289716018 , 3.533946173021058E46
1.906917702088675E46 , 1215.8556289716018 , 2.658539426735068E46
4.3516840816623453E46 , 1215.8556289716018 , 1.452874859064577E46
3.9546045076007433E46 , 1215.8556289716018 , 3.826052371973115E46
4.1497388156677694E46 , 1215.8556289716018 , 9.465432853475209E45
7.83521424650852E46 , 1215.8556289716018 , 5.398074525092907E46
4.4222291378289955E46 , 1215.8556289716018 , 2.320642516505466E46
9.406282102478097E46 , 1215.8556289716018 , 6.617337545222788E46
1.6386098798728482E47 , 1215.8556289716018 , 5.346330284782153E46
1.6144161093523767E47 , 1215.8556289716018 , 1.1330818873361222E46
3.6398843841168454E47 , 1215.8556289716018 , 2.6540055401111142E47
4.8826984039317345E47 , 1215.8556289716018 , 4.398769713281789E47
1.4640185924251624E47 , 1215.8556289716018 , 3.218755469836328E47
5.79256645105572E47 , 1215.8556289716018 , 2.307421045294974E47
2.167251206761101E47 , 1215.8556289716018 , 1.9587354710852943E47
6.150812247752663E47 , 1215.8556289716018 , 4.281512212667483E47
9.476253707624487E47 , 1215.8556289716018 , 1.7716059560709923E47
1.639467391788879E48 , 1215.8556289716018 , 1.3267721645682556E48
9.141333633408725E46 , 1215.8556289716018 , 8.275689498555928E47
1.6393415760538455E48 , 1215.8556289716018 , 8.829720903865604E47
2.6319496054801704E48 , 1215.8556289716018 , 2.2003293791332538E48
3.9267703609313695E47 , 1215.8556289716018 , 1.2187058248507638E48
3.131679088600237E48 , 1215.8556289716018 , 1.7827561054394636E48
3.030605705732604E48 , 1215.8556289716018 , 3.18553376928226E48
3.087094071720628E48 , 1215.8556289716018 , 6.128035785640142E46
1.3027440838054286E48 , 1215.8556289716018 , 2.2585276513480114E48
1.89254975932301E48 , 1215.8556289716018 , 3.2845796443814068E47
1.1467925397179664E48 , 1215.8556289716018 , 1.5014293324057327E48
2.435226351436697E48 , 1215.8556289716018 , 7.471275000709874E47
4.096820754078165E48 , 1215.8556289716018 , 3.3181617597021003E48
2.3825725267980912E48 , 1215.8556289716018 , 3.2664460090600744E48
3.85895192091771E48 , 1215.8556289716018 , 8.502687708789596E47
4.3101395803716716E48 , 1215.8556289716018 , 4.0726111864176486E47
2.150265879502441E47 , 1215.8556289716018 , 2.2665015855854775E48
4.331405648258628E48 , 1215.8556289716018 , 2.350192443430787E48
1.1665695017526425E48 , 1215.8556289716018 , 1.799220658937423E48
4.2805253147112134E48 , 1215.8556289716018 , 2.8136666029369527E48
1.495129739620319E48 , 1215.8556289716018 , 2.757109644707076E48
4.2178001419223334E48 , 1215.8556289716018 , 1.8584719703273066E48
3.063587371713021E47 , 1215.8556289716018 , 2.0433482375284277E48
4.340096976816359E48 , 1215.8556289716018 , 2.401640092838361E48
2.8903067302812578E48 , 1215.8556289716018 , 7.692885008778024E47
3.118638606146143E48 , 1215.8556289716018 , 3.093114560129345E48
1.4184007239269007E48 , 1215.8556289716018 , 9.197911246721537E47
3.226841252557312E48 , 1215.8556289716018 , 2.3824102538403753E48
4.595529852808076E48 , 1215.8556289716018 , 1.474126651053892E48
8.350379609182596E48 , 1215.8556289716018 , 6.617898876575625E48
5.959361271264297E48 , 1215.8556289716018 , 1.3700898052142653E48
5.449141416887508E48 , 1215.8556289716018 , 5.88950530949436E48
5.3983433997476444E48 , 1215.8556289716018 , 1.4178033851390558E48
1.1597668556862853E49 , 1215.8556289716018 , 8.550214852382781E48
1.2355032625193144E48 , 1215.8556289716018 , 5.442564459269743E48
1.2321531187592224E49 , 1215.8556289716018 , 7.004460375376992E48
8.68851301093414E48 , 1215.8556289716018 , 2.092354458558716E48
1.2273161343071413E49 , 1215.8556289716018 , 1.0831130894673566E49
1.6050275833471572E49 , 1215.8556289716018 , 2.982345924125013E48
1.0833587601817665E49 , 1215.8556289716018 , 1.380447992609747E49
1.576344024190389E49 , 1215.8556289716018 , 4.6582719100080504E48
1.1283053715393995E49 , 1215.8556289716018 , 4.46661253487659E48
9.550725228289472E48 , 1215.8556289716018 , 8.512156639540568E48
1.337532336110723E49 , 1215.8556289716018 , 5.678303936023888E48
1.239390281862933E49 , 1215.8556289716018 , 8.073475288831691E48
1.3500643865215635E49 , 1215.8556289716018 , 9.993838182610559E48
2.772712186971869E49 , 1215.8556289716018 , 2.093680161731418E49
1.9238722297793635E49 , 1215.8556289716018 , 5.1841806848057556E48
2.0800747058266243E49 , 1215.8556289716018 , 1.9949346631345017E49
2.1364414916087738E49 , 1215.8556289716018 , 5.7483603159740445E48
2.341192022566779E49 , 1215.8556289716018 , 2.2880199460067955E49
1.4984339079932905E49 , 1215.8556289716018 , 7.125500181089366E48
4.491927958363824E49 , 1215.8556289716018 , 3.058007012643079E49
2.9207573616810825E49 , 1215.8556289716018 , 1.0095599727947953E49
3.9373153674100055E49 , 1215.8556289716018 , 3.3647286577260686E49
2.434901112842068E49 , 1215.8556289716018 , 1.7621350520565948E49
6.262007871537752E49 , 1215.8556289716018 , 3.546165823607837E49
2.763507829004721E49 , 1215.8556289716018 , 1.937272470539866E49
5.059476317584383E49 , 1215.8556289716018 , 3.9941453089962195E49
5.545449975144884E49 , 1215.8556289716018 , 3.315018730847985E48
1.4523783387765448E49 , 1215.8556289716018 , 3.0217468785125796E49
4.910307370790531E49 , 1215.8556289716018 , 2.419604559597606E49
9.49342127747361E49 , 1215.8556289716018 , 6.512302707193417E49
6.900332018334875E49 , 1215.8556289716018 , 8.351280241597343E49
9.899667142462043E49 , 1215.8556289716018 , 1.697715903918647E49
1.2847918033030405E50 , 1215.8556289716018 , 1.1552837919599318E50
1.1938671682312682E50 , 1215.8556289716018 , 1.2574804921477283E50
1.9098912539866562E49 , 1215.8556289716018 , 6.423708572871248E49
1.2704978191788682E50 , 1215.8556289716018 , 6.423326989546351E49
1.7376229837809669E50 , 1215.8556289716018 , 1.552028769565478E50
1.5365143372484015E50 , 1215.8556289716018 , 2.7229945420231557E49
2.1786906008785786E50 , 1215.8556289716018 , 1.9147870540354393E50
9.2074704438314E49 , 1215.8556289716018 , 6.63505059385593E49
2.884614093857898E50 , 1215.8556289716018 , 1.9604556027653083E50
4.319962334104337E50 , 1215.8556289716018 , 8.233953273578319E49
2.45274668388967E50 , 1215.8556289716018 , 3.5004516202620353E50
2.5251062960959026E50 , 1215.8556289716018 , 2.2624982419052352E49
7.594766741289709E49 , 1215.8556289716018 , 1.5820510999408748E50
2.5729800164809598E50 , 1215.8556289716018 , 1.1842215785167165E50
2.5887316659781386E50 , 1215.8556289716018 , 2.515220608102029E50
3.347822509311793E50 , 1215.8556289716018 , 5.540559889774845E49
2.606985422311069E50 , 1215.8556289716018 , 2.88146014718529E50
4.8046961644870105E50 , 1215.8556289716018 , 1.354736811525986E50
3.5735495444069963E50 , 1215.8556289716018 , 4.289739358320004E50
3.00196553778036E50 , 1215.8556289716018 , 8.494589961599394E49
3.2645323287874455E50 , 1215.8556289716018 , 3.1767271283270913E50
7.046840835632916E50 , 1215.8556289716018 , 2.201770590922905E50
4.500389734212884E50 , 1215.8556289716018 , 1.83980255207835E50
1.0375576084967504E51 , 1215.8556289716018 , 7.347835963562468E50
3.969652445594325E50 , 1215.8556289716018 , 4.450530109287252E50
1.2088059471556234E51 , 1215.8556289716018 , 8.247518637442296E50
9.872037723228336E50 , 1215.8556289716018 , 1.111109779061458E51
2.665317745909571E51 , 1215.8556289716018 , 9.944753598105324E50
1.0050886984320095E51 , 1215.8556289716018 , 1.746187070298957E51
4.150964138222093E51 , 1215.8556289716018 , 1.7583568480902017E51
2.6520570985509666E51 , 1215.8556289716018 , 3.514619323779073E51
5.416504967175824E51 , 1215.8556289716018 , 1.4366889127117828E51
2.0545322794210346E51 , 1215.8556289716018 , 1.8652570690681816E51
4.767038059615247E51 , 1215.8556289716018 , 3.4108630381946355E51
8.887872642240027E51 , 1215.8556289716018 , 2.2172550155366834E51
3.205328021653727E51 , 1215.8556289716018 , 2.9617589412589938E51
6.823820136927475E51 , 1215.8556289716018 , 5.1712907168211005E51
4.2533745282230994E51 , 1215.8556289716018 , 1.4001686875175536E51
9.81991121243131E51 , 1215.8556289716018 , 7.250108777627816E51
1.1464678584033054E52 , 1215.8556289716018 , 1.0902770748884928E52
2.5195175290885807E52 , 1215.8556289716018 , 7.368769960767926E51
3.090281080490444E52 , 1215.8556289716018 , 2.886842653576815E52
3.064410360313644E52 , 1215.8556289716018 , 2.1438456010039483E50
4.716695804244362E52 , 1215.8556289716018 , 4.0209491214365684E52
1.8950286054380486E52 , 1215.8556289716018 , 1.477907846154409E52
3.75882949738031E52 , 1215.8556289716018 , 2.9237222068108976E52
2.1958460101922713E52 , 1215.8556289716018 , 3.074143211825016E52
4.4567208927060493E52 , 1215.8556289716018 , 1.1891783037728779E52
3.3380129603430903E52 , 1215.8556289716018 , 6.00592408171773E51
2.223672409542112E52 , 1215.8556289716018 , 2.869979618592324E52
5.343288674759059E52 , 1215.8556289716018 , 1.6308940957294852E52
5.189660293528187E52 , 1215.8556289716018 , 9.091031444326565E50
8.990282840920896E51 , 1215.8556289716018 , 3.138768239487438E52
4.870257875240488E52 , 1215.8556289716018 , 2.0798797472840567E52
2.8663809204657807E52 , 1215.8556289716018 , 1.0551011257168558E52
4.078173665987135E52 , 1215.8556289716018 , 3.582229735267014E52
5.125417171219023E51 , 1215.8556289716018 , 2.3700940568495605E52
4.7084144699017404E52 , 1215.8556289716018 , 2.1910961497284775E52
7.475744621024068E52 , 1215.8556289716018 , 1.4491098304043157E52
4.2312879792034116E52 , 1215.8556289716018 , 6.050001135208327E52
1.2367410484777709E53 , 1215.8556289716018 , 4.2251218915472877E52
1.5154044436361811E53 , 1215.8556289716018 , 1.4227323665926346E53
1.133930166782965E53 , 1215.8556289716018 , 2.00320947798243E52
1.0736921398274097E53 , 1215.8556289716018 , 1.1414471868485678E53
1.300383821997913E53 , 1215.8556289716018 , 1.1992386597207933E52
2.006944355935726E52 , 1215.8556289716018 , 5.763027979299999E52
1.2790911156074881E53 , 1215.8556289716018 , 7.584441224142113E52
2.485626707219045E52 , 1215.8556289716018 , 7.878323467029301E52
1.4517003070430007E53 , 1215.8556289716018 , 6.292356311750429E52
7.111727244523484E52 , 1215.8556289716018 , 3.969241896115494E52
1.5852586077879559E53 , 1215.8556289716018 , 1.1866403959093522E53
1.064892572112517E53 , 1215.8556289716018 , 2.9964254055697625E52
9.059515663063278E52 , 1215.8556289716018 , 1.010494416584073E53
2.748900771510732E52 , 1215.8556289716018 , 6.042183635242777E52
1.083404575697432E53 , 1215.8556289716018 , 4.2535164875710326E52
1.899198171061919E53 , 1215.8556289716018 , 1.5407730876800033E53
9.080324647546258E52 , 1215.8556289716018 , 5.289191300459749E52
7.393546881904399E52 , 1215.8556289716018 , 8.423584585132567E52
5.24251521318452E52 , 1215.8556289716018 , 1.4250829112471624E52
7.142658822078471E52 , 1215.8556289716018 , 6.200966397535487E52
7.189400383936529E52 , 1215.8556289716018 , 9.739049014364584E51
1.8941981170656705E52 , 1215.8556289716018 , 4.2776388033029804E52
7.329651033811799E52 , 1215.8556289716018 , 3.943900572666041E52
1.9109725004962683E52 , 1215.8556289716018 , 3.686633814364924E52
7.410056357543699E52 , 1215.8556289716018 , 4.3413127971291224E52
4.8021070543423E52 , 1215.8556289716018 , 6.268978347669419E52
2.5702582213777176E52 , 1215.8556289716018 , 2.0596934157404246E52
4.972170132270842E52 , 1215.8556289716018 , 3.8550484215523994E52
5.869635717685476E52 , 1215.8556289716018 , 1.25131758997014E52
4.4223635813157705E52 , 1215.8556289716018 , 4.552682571710417E52
5.491347752523854E52 , 1215.8556289716018 , 2.089220699032649E52
7.693754264235879E52 , 1215.8556289716018 , 5.019609890589333E52
6.52911751440485E52 , 1215.8556289716018 , 2.8484610132457154E52
1.2858177946639987E53 , 1215.8556289716018 , 8.747481851488343E52
1.6696500163581368E53 , 1215.8556289716018 , 1.5265240824441026E53
8.077795904602142E52 , 1215.8556289716018 , 5.966925837700467E52
1.9062586600485743E53 , 1215.8556289716018 , 1.203039051794967E53
2.869138760674077E53 , 1215.8556289716018 , 2.1889917445244007E53
5.649267150631904E53 , 1215.8556289716018 , 2.097088030129838E53
6.321790305284125E53 , 1215.8556289716018 , 6.029315183935422E53
4.89100964177432E53 , 1215.8556289716018 , 1.2092028981392893E53
1.150723299626448E54 , 1215.8556289716018 , 8.166056582862585E53
4.393014419052317E53 , 1215.8556289716018 , 3.830719028560194E53
1.7991004208069677E54 , 1215.8556289716018 , 1.149408599941358E54
8.378789981960115E53 , 1215.8556289716018 , 5.664181374578935E53
1.728894931793591E54 , 1215.8556289716018 , 1.2863759408783E54
2.7253578276744017E53 , 1215.8556289716018 , 1.0334642987558914E54
1.7344201214028583E54 , 1215.8556289716018 , 8.128116742838615E53
2.1714585610689133E54 , 1215.8556289716018 , 2.018820477899977E54
3.936377647377226E54 , 1215.8556289716018 , 9.445078262551908E53
4.700379597585569E54 , 1215.8556289716018 , 4.4650099426362865E54
4.364240260903364E54 , 1215.8556289716018 , 2.8058593283372654E53
1.1300497502574605E54 , 1215.8556289716018 , 2.769590451615887E54
5.542054320036055E54 , 1215.8556289716018 , 2.3652560889759433E54
7.643624018130476E53 , 1215.8556289716018 , 3.228615638538694E54
6.190741987109374E54 , 1215.8556289716018 , 2.9570974456337932E54
2.8256695398526392E54 , 1215.8556289716018 , 4.633934493117142E54
6.568540617463568E54 , 1215.8556289716018 , 2.0676360889258926E54
2.6018858011487213E54 , 1215.8556289716018 , 4.684970219879162E54
5.9095374618210944E54 , 1215.8556289716018 , 1.8463505265443658E54
9.068644000574157E54 , 1215.8556289716018 , 7.698447575756013E54
4.662067598470688E54 , 1215.8556289716018 , 2.467946673897848E54
5.564212436630709E54 , 1215.8556289716018 , 5.1285075222397735E54
7.17461247317199E54 , 1215.8556289716018 , 1.1573048150135463E54
1.1117720149708065E55 , 1215.8556289716018 , 9.354757387420674E54
1.636740881596396E55 , 1215.8556289716018 , 3.0773598627914676E54
1.4602598167354977E55 , 1215.8556289716018 , 1.6003840140656203E55
7.402271874056782E54 , 1215.8556289716018 , 3.804452326444268E54
1.1154791235090087E55 , 1215.8556289716018 , 9.548691508076344E54
8.729468627970509E54 , 1215.8556289716018 , 1.0047255025417496E55
5.71743810537965E54 , 1215.8556289716018 , 1.805845320388091E54
1.0738400798294969E55 , 1215.8556289716018 , 8.414097977244576E54
1.1277569912883107E55 , 1215.8556289716018 , 1.1176668238554886E55
1.0184454226643996E54 , 1215.8556289716018 , 5.945985734300305E54
1.0859539776472343E55 , 1215.8556289716018 , 5.78374367314403E54
1.5453346707307E55 , 1215.8556289716018 , 2.8442056044342465E54
3.340462622670196E55 , 1215.8556289716018 , 2.461071161285519E55
1.0380688248676267E55 , 1215.8556289716018 , 1.20394036740744E55
4.1185192231987603E55 , 1215.8556289716018 , 2.661358870044351E55
2.0492153577353876E55 , 1215.8556289716018 , 3.1137839245631336E55
6.674020503172487E55 , 1215.8556289716018 , 2.5696554429833326E55
6.032416872732883E55 , 1215.8556289716018 , 4.49037463473803E54
2.585036650121675E55 , 1215.8556289716018 , 4.342628631249566E55
6.381460830110159E55 , 1215.8556289716018 , 2.0837423111461453E55
3.882965384511295E55 , 1215.8556289716018 , 5.310158499869031E55
3.3728690028871564E55 , 1215.8556289716018 , 6.658924593214353E54
6.339208726668446E55 , 1215.8556289716018 , 4.94349529547731E55
5.764591074256053E55 , 1215.8556289716018 , 6.118467144266617E55
1.765618296705183E55 , 1215.8556289716018 , 3.6872669431953694E55
4.906418079882971E55 , 1215.8556289716018 , 2.0939456502864406E55
4.378806420853505E55 , 1215.8556289716018 , 1.0694918563616687E55
1.9351458598487954E55 , 1215.8556289716018 , 2.844872115147409E55
4.914771429484179E55 , 1215.8556289716018 , 2.2103211810343144E55
8.179491653379867E55 , 1215.8556289716018 , 5.950999445888253E55
1.2558563595977245E56 , 1215.8556289716018 , 3.66985292568312E55
1.5042036797180296E55 , 1215.8556289716018 , 6.728766477338747E55
1.1378374309602375E56 , 1215.8556289716018 , 6.306696537276459E55
7.498551905297629E55 , 1215.8556289716018 , 3.941344443658174E55
1.6809304896971395E56 , 1215.8556289716018 , 1.2504120374980316E56
8.000816698987103E55 , 1215.8556289716018 , 7.127337448827877E55
1.8321898179049947E56 , 1215.8556289716018 , 1.3517518683210484E56
1.1808740344414206E56 , 1215.8556289716018 , 7.846667518169025E55
1.6305430726704847E56 , 1215.8556289716018 , 1.4348413001790648E56
6.169971715746571E55 , 1215.8556289716018 , 1.0024032277109433E56
1.8618882260650436E56 , 1215.8556289716018 , 1.0771434876112622E56
1.7281411325718906E56 , 1215.8556289716018 , 1.8024946853285669E56
1.1841909037912271E56 , 1215.8556289716018 , 6.387927033669227E55
2.314048163021462E56 , 1215.8556289716018 , 1.7183586755384738E56
4.199200924118785E56 , 1215.8556289716018 , 1.1736334040306312E56
1.984185041155838E56 , 1215.8556289716018 , 1.2011529314986074E56
4.248210557043606E56 , 1215.8556289716018 , 3.19518833677871E56
3.5548870865352073E56 , 1215.8556289716018 , 4.7822155581686483E55
1.4531794828538982E56 , 1215.8556289716018 , 2.3549355891690768E56
3.9076491372905703E56 , 1215.8556289716018 , 2.504306348475897E56
4.924675453139043E56 , 1215.8556289716018 , 4.126792491477215E56
2.3963291661897606E56 , 1215.8556289716018 , 3.761091035692315E56
5.111758915743719E56 , 1215.8556289716018 , 2.7597859327279225E56
5.862095578738923E56 , 1215.8556289716018 , 2.218071020188365E56
4.884674117224138E56 , 1215.8556289716018 , 3.960768194015565E56
5.433729205527024E56 , 1215.8556289716018 , 2.602890935991063E56
4.359150390663778E56 , 1215.8556289716018 , 3.966438697213563E56
1.5757615634136825E56 , 1215.8556289716018 , 2.5077371895195457E56
5.090916166380235E56 , 1215.8556289716018 , 2.59363320538122E56
6.203980879016665E56 , 1215.8556289716018 , 5.8172105808958995E56
5.354258172890319E56 , 1215.8556289716018 , 2.3750303504029823E56
5.308686318468414E56 , 1215.8556289716018 , 4.825630606926813E56
6.105131100118055E56 , 1215.8556289716018 , 5.028947723373076E56
6.793802985359597E56 , 1215.8556289716018 , 3.3816839994054518E56
8.661843779290026E56 , 1215.8556289716018 , 7.641674377797608E56
1.2302398036370794E57 , 1215.8556289716018 , 5.471012860812805E56
4.9117535470339785E56 , 1215.8556289716018 , 6.612407792693042E56
1.20899138673398E57 , 1215.8556289716018 , 8.76419452111152E56
1.6483237229613896E57 , 1215.8556289716018 , 1.2501183605808555E57
1.4886292233148594E57 , 1215.8556289716018 , 5.671215680539722E56
1.7189966188904415E57 , 1215.8556289716018 , 1.4978627915900647E57
6.0630269333148314E56 , 1215.8556289716018 , 9.39660572860073E56
2.021155733946145E57 , 1215.8556289716018 , 1.0402212691094968E57
9.98122832807305E56 , 1215.8556289716018 , 1.3967477412218805E57
3.0309177716952906E57 , 1215.8556289716018 , 1.2779093471703424E57
2.4336451850403978E57 , 1215.8556289716018 , 2.7804593662138328E57
2.2506634766635587E57 , 1215.8556289716018 , 3.935242873472734E56
1.9728186434430705E57 , 1215.8556289716018 , 2.2087295734313417E57
4.1133505648406845E57 , 1215.8556289716018 , 1.3946290451759053E57
5.1728162070310544E57 , 1215.8556289716018 , 4.8087648817743944E57
1.19075994207865E57 , 1215.8556289716018 , 2.5963620579984044E57
5.3369740228531335E57 , 1215.8556289716018 , 3.2775045878996614E57
1.3826586884351069E57 , 1215.8556289716018 , 2.8336727045250224E57
6.374426325292342E57 , 1215.8556289716018 , 3.6490461117511185E57
8.383908114677837E56 , 1215.8556289716018 , 3.6766484526037665E57
6.501126292946798E57 , 1215.8556289716018 , 3.3212829738846236E57
9.261862559334049E57 , 1215.8556289716018 , 8.089335372540792E57
1.1479665296472688E58 , 1215.8556289716018 , 1.7185718587225312E57
1.935944851442142E58 , 1215.8556289716018 , 1.5751910684755248E58
7.793939501870363E57 , 1215.8556289716018 , 6.887634285962266E57
1.2131732125319147E58 , 1215.8556289716018 , 9.613328339460674E57
2.7019627414919916E57 , 1215.8556289716018 , 7.076980844736325E57
1.314958089236346E58 , 1215.8556289716018 , 7.652206215382959E57
7.220902276718582E57 , 1215.8556289716018 , 6.355196297167163E57
1.609968700779859E58 , 1215.8556289716018 , 1.1071914540849442E58
1.0563383956209968E58 , 1215.8556289716018 , 1.285991970487921E58
2.2123203097723096E58 , 1215.8556289716018 , 8.805129038239064E57
3.627272702338664E58 , 1215.8556289716018 , 2.9541319880789696E58
4.1216201906144526E58 , 1215.8556289716018 , 6.362416184971356E57
1.4132377814477337E58 , 1215.8556289716018 , 2.532939790581984E58
4.8947000065551033E58 , 1215.8556289716018 , 2.3929892419168624E58
1.7437189541831715E58 , 1215.8556289716018 , 1.9278604773054857E58
5.697114716702145E58 , 1215.8556289716018 , 3.476808487219517E58
4.972203993710102E58 , 1215.8556289716018 , 1.817912112246326E58
4.2290724611521776E58 , 1215.8556289716018 , 3.614741208391466E58
4.259624882934676E58 , 1215.8556289716018 , 1.445009689107579E58
6.703553762941281E58 , 1215.8556289716018 , 5.630756779682044E58
2.760338804208165E58 , 1215.8556289716018 , 2.5088839144415745E58
5.578584971762277E58 , 1215.8556289716018 , 4.298583772968861E58
5.159570878044236E58 , 1215.8556289716018 , 8.542729805071737E57
2.8066113258040526E58 , 1215.8556289716018 , 3.0874460167181005E58
5.360390710088887E58 , 1215.8556289716018 , 2.8183786213429245E58
4.9635472302716674E58 , 1215.8556289716018 , 3.219376464034103E58
2.1723728723457305E58 , 1215.8556289716018 , 3.624562198868046E58
4.5133892812174074E58 , 1215.8556289716018 , 1.3949294535439915E58
6.881718204646072E58 , 1215.8556289716018 , 5.441207202146278E58
8.567865862888088E58 , 1215.8556289716018 , 1.5686156210219792E58
1.135040376429493E59 , 1215.8556289716018 , 9.953911887116416E58
3.0327781922682345E58 , 1215.8556289716018 , 7.205438297866798E58
1.1537746766551698E59 , 1215.8556289716018 , 5.352173452213015E58
4.9995420280022326E58 , 1215.8556289716018 , 5.953590982432186E58
1.4867271128464357E59 , 1215.8556289716018 , 8.804285325007592E58
1.8496662967403223E59 , 1215.8556289716018 , 1.729913323514817E59
2.4960398005216993E59 , 1215.8556289716018 , 4.495653267026521E58
5.736580324852065E58 , 1215.8556289716018 , 1.1975859806348662E59
2.4715995008137746E59 , 1215.8556289716018 , 1.484245043089489E59
2.2097988191932043E59 , 1215.8556289716018 , 2.1392379813397507E59
2.768495282403953E59 , 1215.8556289716018 , 1.2389369244659782E59
3.9774239628177735E59 , 1215.8556289716018 , 2.7104117911790383E59
2.4821643108494926E59 , 1215.8556289716018 , 2.4504564936328653E59
6.099559861333525E59 , 1215.8556289716018 , 3.1650572935528466E59
6.126697511688002E59 , 1215.8556289716018 , 5.550785369301715E59
4.960314997003517E59 , 1215.8556289716018 , 3.1272043903433792E59
9.897207078167548E59 , 1215.8556289716018 , 5.7286579091643225E59
1.9569475292327392E60 , 1215.8556289716018 , 8.138351657863797E59
2.9717203542175648E60 , 1215.8556289716018 , 2.0728278531661458E60
4.036204610752545E60 , 1215.8556289716018 , 1.0450312834187964E60
3.985311567517166E60 , 1215.8556289716018 , 3.269041992845965E60
1.884130056253965E60 , 1215.8556289716018 , 2.5157879259727745E60
5.7420202843670196E60 , 1215.8556289716018 , 2.6634361864973574E60
5.127288790430187E60 , 1215.8556289716018 , 2.7662737908690197E60
7.256479270825409E60 , 1215.8556289716018 , 4.046535123587225E60
3.2642813901268464E60 , 1215.8556289716018 , 4.210566250922186E60
7.160074507348818E60 , 1215.8556289716018 , 3.731912276027367E60
5.590798402620842E60 , 1215.8556289716018 , 4.29497723393936E60
7.183728870928952E60 , 1215.8556289716018 , 5.316058624113776E60
9.146585465682528E60 , 1215.8556289716018 , 3.464454912384522E60
1.3524531847809496E61 , 1215.8556289716018 , 1.17271164976963E61
1.3884112720251939E61 , 1215.8556289716018 , 6.190294616783744E60
3.0244354122076884E61 , 1215.8556289716018 , 1.9430058822178549E61
2.3194132667278974E61 , 1215.8556289716018 , 1.5806278065182253E61
4.810588311254099E61 , 1215.8556289716018 , 2.4743990844110995E61
2.7421893092639677E61 , 1215.8556289716018 , 2.5284544032643227E61
5.913852417418351E61 , 1215.8556289716018 , 3.067912894505291E61
5.965059174766829E61 , 1215.8556289716018 , 2.7992853790927797E61
6.263189775835778E61 , 1215.8556289716018 , 5.162384038508859E61
5.755441697039671E61 , 1215.8556289716018 , 9.897351587767907E60
6.953237254054874E61 , 1215.8556289716018 , 6.57517153790934E61
8.189289300044927E61 , 1215.8556289716018 , 3.4003374587483224E61
8.29742614678345E61 , 1215.8556289716018 , 8.525560411963665E61
8.554646853069371E61 , 1215.8556289716018 , 3.7745152332639196E61
1.3002924800676364E62 , 1215.8556289716018 , 1.1161524761948496E62
2.328019308117877E62 , 1215.8556289716018 , 6.878155915729616E61
3.791279533470554E62 , 1215.8556289716018 , 3.166220206515034E62
2.949219905091376E62 , 1215.8556289716018 , 7.107750799503212E61
2.8770046000425116E62 , 1215.8556289716018 , 2.728796550761057E62
5.618361907259664E62 , 1215.8556289716018 , 1.7193967814602928E62
1.6928076139031166E62 , 1215.8556289716018 , 2.9676767624540434E62
5.3696258077898E62 , 1215.8556289716018 , 2.4167066108539204E62
5.437936250331029E62 , 1215.8556289716018 , 1.6102996405367799E62
3.136679010898004E62 , 1215.8556289716018 , 3.347996390079789E62
8.683394701866616E62 , 1215.8556289716018 , 3.937478015055569E62
1.3831068344790321E63 , 1215.8556289716018 , 1.031340589046905E63
3.3932324650226093E62 , 1215.8556289716018 , 8.83860559212501E62
1.1208568547364288E63 , 1215.8556289716018 , 4.1036204874875155E62
8.710175707103866E62 , 1215.8556289716018 , 1.0304379148467286E63
1.2074059811962535E63 , 1215.8556289716018 , 2.6293432328363827E62
1.5092915042024936E63 , 1215.8556289716018 , 1.4030359686833044E63
1.0772556113703795E63 , 1215.8556289716018 , 2.2874813626911297E62
2.004967795621582E63 , 1215.8556289716018 , 1.5904365727200344E63
7.792270938750744E62 , 1215.8556289716018 , 9.149350772600862E62
2.649233010860575E63 , 1215.8556289716018 , 1.65851584309604E63
1.6005676605864293E63 , 1215.8556289716018 , 1.407097460383554E63
2.2788456845785387E63 , 1215.8556289716018 , 1.1559883945412807E63
1.3205873851008552E63 , 1215.8556289716018 , 1.849287499172217E63
1.3016583812882831E63 , 1215.8556289716018 , 7.054694551532261E62
1.871135144350898E63 , 1215.8556289716018 , 1.2456960965234145E63
1.284338412260502E63 , 1215.8556289716018 , 5.166531007706249E62
2.2058321150584438E63 , 1215.8556289716018 , 1.5946899124494888E63
2.297724488266822E62 , 1215.8556289716018 , 1.0601238608975673E63
2.2488861356026913E63 , 1215.8556289716018 , 1.2850903252220007E63
2.0100824462895366E63 , 1215.8556289716018 , 2.203610776298379E63
1.9351801134026552E63 , 1215.8556289716018 , 8.899121670425359E62
4.288095326695886E63 , 1215.8556289716018 , 3.2194227258299853E63
3.0450625479282376E63 , 1215.8556289716018 , 1.0556777260808243E63
4.456723273487366E63 , 1215.8556289716018 , 3.879640147544997E63
6.449662011371745E63 , 1215.8556289716018 , 1.0627302005573165E63
5.6298325176299116E63 , 1215.8556289716018 , 6.236281479202193E63
7.748070011272834E63 , 1215.8556289716018 , 1.8196205182396966E63
1.0205706049158367E64 , 1215.8556289716018 , 8.604028111212213E63
1.8262440138095933E64 , 1215.8556289716018 , 4.8740738100834034E63
1.656186206065206E63 , 1215.8556289716018 , 1.0276673881216955E64
1.7374605331534556E64 , 1215.8556289716018 , 8.181706317687335E63
1.6236558128458177E64 , 1215.8556289716018 , 1.4528555767056602E64
2.4822879459769166E64 , 1215.8556289716018 , 7.330257796381788E63
2.647105429983979E64 , 1215.8556289716018 , 2.5941253313515732E64
2.4847231204558292E64 , 1215.8556289716018 , 9.508774239625472E62
2.9268339281207766E64 , 1215.8556289716018 , 2.791461845053538E64
4.982792249846923E64 , 1215.8556289716018 , 1.473167549335827E64
5.899860087968972E64 , 1215.8556289716018 , 5.534560308618835E64
2.35319913465335E64 , 1215.8556289716018 , 4.0184264335600627E64
7.863734290536075E64 , 1215.8556289716018 , 3.11542734075026E64
1.0601761113692279E65 , 1215.8556289716018 , 9.555388035144035E64
2.3893479612828686E65 , 1215.8556289716018 , 6.878275740095187E64
3.2413684699489167E65 , 1215.8556289716018 , 2.880606689155756E65
4.1258726328781037E65 , 1215.8556289716018 , 4.826636930189472E64
1.0562041066335082E64 , 1215.8556289716018 , 2.1061424630821496E65
4.0137623071598743E65 , 1215.8556289716018 , 2.1294903711222476E65
1.1415580953428642E65 , 1215.8556289716018 , 2.649439345821436E65
3.5634238762066486E65 , 1215.8556289716018 , 1.289774224803217E65
3.310130898379828E65 , 1215.8556289716018 , 3.555741439698201E65
9.902202762545625E65 , 1215.8556289716018 , 3.424181689278582E65
1.1795179566655894E66 , 1215.8556289716018 , 1.1223412342457876E66
1.0651713483993097E66 , 1215.8556289716018 , 5.982577851333943E64
1.8384102445033037E66 , 1215.8556289716018 , 1.5019936473780907E66
6.283784053389144E65 , 1215.8556289716018 , 6.295454037999565E65
1.210925434001349E66 , 1215.8556289716018 , 9.50907416279037E65
6.10983555849668E64 , 1215.8556289716018 , 6.571907520805099E65
1.1217964911759192E66 , 1215.8556289716018 , 5.537445927380758E65
7.637976398150063E65 , 1215.8556289716018 , 9.74147543196222E65
1.436004779881782E66 , 1215.8556289716018 , 3.517757833169115E65
1.1460607807263667E66 , 1215.8556289716018 , 1.3316043796030998E66
2.464813963851329E66 , 1215.8556289716018 , 6.894250281177204E65
2.584859297844451E66 , 1215.8556289716018 , 2.6114934545037815E66
5.901978668174892E66 , 1215.8556289716018 , 1.7214547707734615E66
4.744529555370337E66 , 1215.8556289716018 , 5.504729609126126E66
1.0419757451051721E67 , 1215.8556289716018 , 2.94252158974776E66
9.100696274711335E65 , 1215.8556289716018 , 5.860212257138288E66
9.454000231578457E66 , 1215.8556289716018 , 4.4227805853883954E66
5.052935827688787E66 , 1215.8556289716018 , 7.504140110103433E66
1.012283689137167E67 , 1215.8556289716018 , 2.6295565468085866E66
6.4763151445754594E66 , 1215.8556289716018 , 1.8973506084622876E66
4.3424530438582724E66 , 1215.8556289716018 , 5.594759294905647E66
5.63077700483406E66 , 1215.8556289716018 , 6.687717376234111E65
2.231541727701054E66 , 1215.8556289716018 , 4.065687255544939E66
7.120935108161004E66 , 1215.8556289716018 , 2.5386711744630254E66
3.171657941322075E66 , 1215.8556289716018 , 5.320192174656346E66
5.925519706044254E66 , 1215.8556289716018 , 1.4297515700985771E66
4.1920167528874325E66 , 1215.8556289716018 , 5.227934677492734E66
8.231040871516166E66 , 1215.8556289716018 , 2.096706703063352E66
1.795493031347446E66 , 1215.8556289716018 , 3.3330502820564382E66
5.861331207524606E66 , 1215.8556289716018 , 3.9600437992815526E66
4.1589643322131017E64 , 1215.8556289716018 , 3.0241990366251338E66
5.892819314338653E66 , 1215.8556289716018 , 3.062499393068139E66
5.7494214078269315E66 , 1215.8556289716018 , 8.643986579555539E64
9.09548507466959E66 , 1215.8556289716018 , 7.672946720738015E66
6.857998511293387E66 , 1215.8556289716018 , 1.1730425501928079E66
1.1984063171881663E67 , 1215.8556289716018 , 9.741655099462298E66
7.915548497462342E66 , 1215.8556289716018 , 2.132676453001652E66
6.159866196003142E66 , 1215.8556289716018 , 7.26335853743818E66
1.4120185379705725E67 , 1215.8556289716018 , 4.14039047580381E66
1.8713351770378187E66 , 1215.8556289716018 , 6.3659529052496255E66
1.0670645151315166E67 , 1215.8556289716018 , 6.4652133517220764E66
4.697858027089863E66 , 1215.8556289716018 , 7.94728142128416E66
1.0226245126477056E67 , 1215.8556289716018 , 2.896535219184187E66
6.643799877658417E66 , 1215.8556289716018 , 8.72274981216443E66
9.119171764342935E66 , 1215.8556289716018 , 1.2848522598840712E66
1.5133275184509847E67 , 1215.8556289716018 , 1.254180992196655E67
2.19001512887906E67 , 1215.8556289716018 , 3.511108124785666E66
1.0910338220086108E67 , 1215.8556289716018 , 1.6967489040633078E67
1.6347638733582502E67 , 1215.8556289716018 , 2.8292795189779297E66
1.055475590388384E67 , 1215.8556289716018 , 1.3911579218271204E67
2.800695123577686E66 , 1215.8556289716018 , 6.882939505976227E66
1.0293706496746528E67 , 1215.8556289716018 , 3.983295714392212E66
5.046756973832416E66 , 1215.8556289716018 , 7.923828567926588E66
6.447757075891535E66 , 1215.8556289716018 , 7.493542314101976E65
4.846745148736829E66 , 1215.8556289716018 , 8.375238728137781E65
6.7172758376720914E66 , 1215.8556289716018 , 5.982112926568181E66
6.856118447223441E65 , 1215.8556289716018 , 3.148609601405697E66
7.072528948886178E66 , 1215.8556289716018 , 3.990600449206E66
2.9127685473603168E66 , 1215.8556289716018 , 5.159686889001265E66
9.63864931330614E66 , 1215.8556289716018 , 3.49085571366261E66
2.166021265261171E66 , 1215.8556289716018 , 6.102611005008486E66
8.70856862055916E66 , 1215.8556289716018 , 3.405075862752347E66
1.3579079279869895E67 , 1215.8556289716018 , 1.1528370505343948E67
1.3285007270308673E67 , 1215.8556289716018 , 3.604032659606883E65
2.46777092407978E67 , 1215.8556289716018 , 1.9477150621481905E67
3.4615324316920887E67 , 1215.8556289716018 , 5.3106271696174166E66
1.7553775493526142E67 , 1215.8556289716018 , 8.834023924522645E66
4.0530684694217E67 , 1215.8556289716018 , 3.004989433274664E67
4.417899459072252E67 , 1215.8556289716018 , 1.912912404168951E66
1.5993380115501028E67 , 1215.8556289716018 , 3.11271653968529E67
4.7416340009541453E67 , 1215.8556289716018 , 1.62761679368427E67
4.3185158196198855E67 , 1215.8556289716018 , 4.686195979423721E67
4.0361298863583215E67 , 1215.8556289716018 , 1.5509820797562679E66
5.977761079485366E67 , 1215.8556289716018 , 5.179997431456689E67
2.0321770648588744E67 , 1215.8556289716018 , 4.11979078406913E67
6.419243510255756E67 , 1215.8556289716018 , 2.296476191520838E67
1.0491564811416924E67 , 1215.8556289716018 , 2.8057438829482286E67
6.944992823739538E67 , 1215.8556289716018 , 4.094542133886965E67
1.0889417150403493E68 , 1215.8556289716018 , 9.217800848577543E67
7.911645598600136E67 , 1215.8556289716018 , 1.6116027639897267E67
1.5965562356982583E67 , 1215.8556289716018 , 4.908099232333611E67
9.1261735351801E67 , 1215.8556289716018 , 3.926763083593952E67
1.2301892231520334E67 , 1215.8556289716018 , 5.339370908417689E67
1.0119434651283093E68 , 1215.8556289716018 , 4.939401070951139E67
1.1739209746432973E68 , 1215.8556289716018 , 1.1224202515615827E68
1.2662187352380063E68 , 1215.8556289716018 , 8.448090098377223E66
8.620603441977752E67 , 1215.8556289716018 , 1.1011797764415816E68
8.311587056295353E67 , 1215.8556289716018 , 5.635653835445631E66
1.5464923663260655E68 , 1215.8556289716018 , 1.1957543129118947E68
1.8188549775171832E68 , 1215.8556289716018 , 2.3589169065267632E67
2.4781471275588658E67 , 1215.8556289716018 , 1.0684830762718246E68
1.9769890373593036E68 , 1215.8556289716018 , 9.972625624534309E67
1.3605363182887554E68 , 1215.8556289716018 , 1.7159640761436288E68
2.040926005558299E68 , 1215.8556289716018 , 4.5460721871318476E67
1.181471608446508E68 , 1215.8556289716018 , 1.6661056682301848E68
2.3036115570977703E68 , 1215.8556289716018 , 6.362811071027211E67
2.0752350353450228E68 , 1215.8556289716018 , 2.2475501867101144E67
2.499897838644226E68 , 1215.8556289716018 , 2.264390225276677E68
5.935470105802683E68 , 1215.8556289716018 , 1.931456289125357E68
4.749832550663472E68 , 1215.8556289716018 , 5.428243343128428E68
1.8974670209377876E68 , 1215.8556289716018 , 3.4259858011703597E68
4.764378468990988E68 , 1215.8556289716018 , 1.695399617460448E68
2.246542289297309E68 , 1215.8556289716018 , 3.5910250630561695E68
5.16591936091005E68 , 1215.8556289716018 , 1.8087658655731372E68
2.531890754913067E68 , 1215.8556289716018 , 3.6995714414718435E68
3.969339796126588E68 , 1215.8556289716018 , 1.363540387933199E68
5.447626062377132E68 , 1215.8556289716018 , 4.1034108868934967E68
5.077561739541459E67 , 1215.8556289716018 , 2.6361277459042495E68
5.56668650481488E68 , 1215.8556289716018 , 3.0743020139769316E68
4.3058312905878475E68 , 1215.8556289716018 , 6.651331602725647E67
8.239900546681643E68 , 1215.8556289716018 , 6.484496599913223E68
3.179961780153997E68 , 1215.8556289716018 , 5.017710176119551E68
1.2103645734360038E69 , 1215.8556289716018 , 6.000812660845378E68
7.70400352420281E68 , 1215.8556289716018 , 8.87593013583681E68
1.525011405174251E69 , 1215.8556289716018 , 5.863407466640949E68
7.3837920725657875E68 , 1215.8556289716018 , 5.856296164383393E68
1.4045300318183795E69 , 1215.8556289716018 , 1.1084025404781276E69
7.839275513824182E68 , 1215.8556289716018 , 5.218576445947923E68
1.1790470822384538E69 , 1215.8556289716018 , 1.0174942420806492E69
2.2659634162876472E69 , 1215.8556289716018 , 5.697121227285283E68
3.04215063389943E69 , 1215.8556289716018 , 2.7446158683232798E69
2.1895552490804825E69 , 1215.8556289716018 , 4.497083390294004E68
1.8774364799615133E69 , 1215.8556289716018 , 2.0993110485867535E69
1.906729048536976E69 , 1215.8556289716018 , 3.6056169627681274E68
7.519264628504707E68 , 1215.8556289716018 , 1.364638526046621E69
2.963649554625406E69 , 1215.8556289716018 , 1.5232540031527154E69
5.071293307234E68 , 1215.8556289716018 , 1.290459476036215E69
2.9584691144794165E69 , 1215.8556289716018 , 1.8022142019420762E69
2.1112740183088216E69 , 1215.8556289716018 , 2.1364261471322195E69
4.194602443052274E69 , 1215.8556289716018 , 1.892797525197973E69
7.66499235777927E69 , 1215.8556289716018 , 5.0301098761819985E69
1.3808479576667566E70 , 1215.8556289716018 , 4.589644932467987E69
1.1049693954760238E70 , 1215.8556289716018 , 2.6565686332904064E69
9.038319286495359E69 , 1215.8556289716018 , 1.0389438583560388E70
1.1957693061148003E70 , 1215.8556289716018 , 1.5266749696985566E69
4.660956705076764E69 , 1215.8556289716018 , 6.963732332802766E69
1.3845047936879305E70 , 1215.8556289716018 , 6.397417914683932E69
1.5653218394550588E70 , 1215.8556289716018 , 1.5258908364214578E70
6.440739310859214E69 , 1215.8556289716018 , 5.308590691924792E69
1.3177417946403238E70 , 1215.8556289716018 , 1.0151547648037725E70
2.2294540235548116E70 , 1215.8556289716018 , 4.724714006879645E69
2.1713259505753723E70 , 1215.8556289716018 , 3.77147909670934E69
2.2298146850441465E70 , 1215.8556289716018 , 2.0457689386440716E70
3.8846068722306264E70 , 1215.8556289716018 , 1.3683299857324184E70
4.409931593242555E70 , 1215.8556289716018 , 4.1241255212489645E70
5.739730518871658E70 , 1215.8556289716018 , 6.900044039041232E69
7.783590211770157E70 , 1215.8556289716018 , 6.993490527675242E70
8.939372363347626E70 , 1215.8556289716018 , 1.2197323660756554E70
1.133920460793058E71 , 1215.8556289716018 , 1.0482436710726563E71
8.803978410709602E70 , 1215.8556289716018 , 1.3214078544101585E70
2.3130648966601566E71 , 1215.8556289716018 , 1.6510646098667467E71
3.0734730476863283E71 , 1215.8556289716018 , 2.7861031986178713E71
6.413139025155897E71 , 1215.8556289716018 , 1.7285335175106457E71
2.6102138347178312E70 , 1215.8556289716018 , 3.446054165725047E71
6.471614035061505E71 , 1215.8556289716018 , 3.2206055726635485E71
7.478354971539936E70 , 1215.8556289716018 , 3.0056039566665734E71
6.604652975118661E71 , 1215.8556289716018 , 3.802687664684684E71
6.341258503218023E70 , 1215.8556289716018 , 3.222745411473831E71
6.309038132347373E71 , 1215.8556289716018 , 3.5908657424363787E71
1.6705882651205969E71 , 1215.8556289716018 , 3.9338984976503485E71
5.489127282044712E71 , 1215.8556289716018 , 2.1692136952330483E71
1.3236344671555226E71 , 1215.8556289716018 , 2.1946499009686387E71
6.355557506355428E71 , 1215.8556289716018 , 3.971949306793016E71
5.109979473891566E71 , 1215.8556289716018 , 9.372072724668711E70
8.09701569019412E70 , 1215.8556289716018 , 3.032536121169737E71
4.670634189693157E71 , 1215.8556289716018 , 2.027244985469826E71
2.266604516563151E71 , 1215.8556289716018 , 3.205291158875184E71
6.067342627999686E71 , 1215.8556289716018 , 2.515564663070864E71
3.264992791868409E71 , 1215.8556289716018 , 1.4532594530467882E71
2.4431624783619897E71 , 1215.8556289716018 , 2.949489213919556E71
1.7773892057621565E71 , 1215.8556289716018 , 1.1475941374565525E71
3.5440195910100803E71 , 1215.8556289716018 , 2.748147899281729E71
9.373177171160586E70 , 1215.8556289716018 , 1.816104433305746E71
4.3999693054047767E71 , 1215.8556289716018 , 2.349701130185599E71
3.6483165347054237E71 , 1215.8556289716018 , 3.9015162451442326E70
1.8820907771685594E71 , 1215.8556289716018 , 2.861155687560499E71
3.19257153275782E71 , 1215.8556289716018 , 1.5447582032975692E71
4.773720345405172E71 , 1215.8556289716018 , 4.1214465548478814E71
7.93534649088634E71 , 1215.8556289716018 , 2.891706187251855E71
1.4776398352618147E72 , 1215.8556289716018 , 1.1747767697221478E72
2.5121791369354477E72 , 1215.8556289716018 , 5.357978818460526E71
1.9052448410611867E72 , 1215.8556289716018 , 2.284964512865863E72
4.205390580010375E72 , 1215.8556289716018 , 1.2608627817279063E72
7.71232981139672E72 , 1215.8556289716018 , 6.164381575497666E72
2.7599725839923767E72 , 1215.8556289716018 , 2.562562035056518E72
4.863198840173733E72 , 1215.8556289716018 , 3.9429868551396585E72
1.0915961026004191E72 , 1215.8556289716018 , 3.024653847209586E72
3.945894364758027E72 , 1215.8556289716018 , 1.5581384003986267E72
1.802392553480326E72 , 1215.8556289716018 , 1.1908768902285497E72
6.706783461083171E72 , 1215.8556289716018 , 4.3351542813894285E72
1.0624622699413871E72 , 1215.8556289716018 , 4.018563690126269E72
7.11446996333279E72 , 1215.8556289716018 , 3.1868508616545167E72
3.930039480781703E72 , 1215.8556289716018 , 5.7125817171184046E72
7.442318222929945E72 , 1215.8556289716018 , 1.96339664543909E72
8.560544436295104E71 , 1215.8556289716018 , 3.568651509142904E72
7.666174638512614E72 , 1215.8556289716018 , 4.266343360456044E72
1.0775421755236118E73 , 1215.8556289716018 , 9.538928772538791E72
1.3639238970852747E73 , 1215.8556289716018 , 1.499765681436386E72
6.718071408428895E71 , 1215.8556289716018 , 7.402568639642727E72
1.3281199976254642E73 , 1215.8556289716018 , 6.5243521230956106E72
2.9435952185707592E72 , 1215.8556289716018 , 8.391927659763604E72
1.3516165845494787E73 , 1215.8556289716018 , 5.47132654600036E72
2.092957856423908E72 , 1215.8556289716018 , 5.9492270027765006E72
1.2788731580282838E73 , 1215.8556289716018 , 7.66043456986223E72
2.9327278676330204E72 , 1215.8556289716018 , 5.294406369996054E72
1.18363774474312E73 , 1215.8556289716018 , 7.447291233126427E72
8.841554528408492E72 , 1215.8556289716018 , 1.6830809573877826E72
3.0038837099828326E72 , 1215.8556289716018 , 5.9977174541980035E72
8.208312840739661E72 , 1215.8556289716018 , 2.930067439933248E72
1.2701431278802166E72 , 1215.8556289716018 , 4.87777233007742E72
6.941176654056032E72 , 1215.8556289716018 , 3.1513069397128304E72
7.840328442541491E72 , 1215.8556289716018 , 7.64394356030921E72
1.7550185082791487E73 , 1215.8556289716018 , 5.25146530923899E72
2.0915053330704485E73 , 1215.8556289716018 , 1.9654004803245346E73
2.3261717727455182E73 , 1215.8556289716018 , 1.709626651271262E72
8.729207379532852E72 , 1215.8556289716018 , 7.8100240073006E72
3.20177731839921E73 , 1215.8556289716018 , 2.0794813199842162E73
1.9038182571471543E73 , 1215.8556289716018 , 2.623608290510817E73
1.7112366160416973E73 , 1215.8556289716018 , 1.853799631551181E72
1.6313285450870143E73 , 1215.8556289716018 , 1.675676179452868E73
2.0230444930301063E73 , 1215.8556289716018 , 2.5713113870353587E72
2.4799470119055845E73 , 1215.8556289716018 , 2.2790326990782577E73
2.316693194123224E73 , 1215.8556289716018 , 3.3821590255762472E72
3.396761353522381E73 , 1215.8556289716018 , 2.9551237906629143E73
3.515402780129398E73 , 1215.8556289716018 , 3.304448769663964E73
2.541917503449478E73 , 1215.8556289716018 , 8.57708686611431E72
5.4132891748509873E73 , 1215.8556289716018 , 3.76160629783352E73
1.629158391136964E73 , 1215.8556289716018 , 3.643350262909408E73
7.073375148716817E73 , 1215.8556289716018 , 2.91870562001346E73
3.0861476548149416E73 , 1215.8556289716018 , 5.257099665723507E73
7.309973005317447E73 , 1215.8556289716018 , 2.1889231534367443E73
1.922099890622219E73 , 1215.8556289716018 , 3.546181318389335E73
6.848540000541777E73 , 1215.8556289716018 , 4.5332631117997723E73
6.375450548677824E73 , 1215.8556289716018 , 7.827659839380426E72
5.898716749244282E73 , 1215.8556289716018 , 6.347543853174232E73
1.2953830609078394E73 , 1215.8556289716018 , 3.650530572783823E73
4.98070560141502E73 , 1215.8556289716018 , 1.981786593835985E73
6.687912710003515E73 , 1215.8556289716018 , 1.31671727900354E73
8.047432490669294E73 , 1215.8556289716018 , 7.616971075738701E73
1.3822598165302668E74 , 1215.8556289716018 , 3.2340190114916175E73
1.4135122917457155E74 , 1215.8556289716018 , 1.4462754605739615E74
1.44603526371524E74 , 1215.8556289716018 , 1.7168162364287701E72
3.0781051454639435E74 , 1215.8556289716018 , 2.3403247182870073E74
3.299423222102516E74 , 1215.8556289716018 , 1.4577422906590897E73
8.960164404159669E73 , 1215.8556289716018 , 2.170079841076187E74
3.5484824675197233E74 , 1215.8556289716018 , 1.384604678756642E74
3.3298922522760284E74 , 1215.8556289716018 , 1.9872617242035297E73
6.567034131616766E73 , 1215.8556289716018 , 1.3859257563680358E74
3.6324634983011437E74 , 1215.8556289716018 , 2.2169424824895927E74
1.576848007879078E74 , 1215.8556289716018 , 1.155475997767945E74
3.789000714052371E74 , 1215.8556289716018 , 2.775442993792309E74
4.403317791943079E74 , 1215.8556289716018 , 3.224520917103098E73
3.385671531613374E73 , 1215.8556289716018 , 2.435425263702078E74
4.54126684127648E74 , 1215.8556289716018 , 2.193112949187807E74
3.1445266382765283E74 , 1215.8556289716018 , 3.9754241980502045E74
8.467965394909433E74 , 1215.8556289716018 , 2.7572185081037907E74
8.157009791341676E73 , 1215.8556289716018 , 4.789164015071204E74
8.328735303726568E74 , 1215.8556289716018 , 3.9051569979337326E74
3.960321827065049E74 , 1215.8556289716018 , 2.2651010846260994E74
9.695398010031545E74 , 1215.8556289716018 , 7.061646590226625E74
3.116433203975025E74 , 1215.8556289716018 , 6.628944525646347E74
1.3292480124790937E75 , 1215.8556289716018 , 5.264954443706896E74
8.475303078710647E73 , 1215.8556289716018 , 6.506882700575917E74
1.3944353137596114E75 , 1215.8556289716018 , 7.646009402690171E74
2.0293870558265103E75 , 1215.8556289716018 , 3.29166169961526E74
4.097709727929576E75 , 1215.8556289716018 , 3.1667427752879893E75
5.508601308102794E75 , 1215.8556289716018 , 7.341526884677147E74
4.367343202892873E75 , 1215.8556289716018 , 5.105907074727346E75
4.966369561402252E75 , 1215.8556289716018 , 3.1381297334901966E74
4.510406961522509E75 , 1215.8556289716018 , 4.901048212736483E75
2.4310757995125227E74 , 1215.8556289716018 , 2.2133497327687164E75
4.302382977400211E75 , 1215.8556289716018 , 2.35175520388697E75
3.729999329511398E74 , 1215.8556289716018 , 2.416604221902795E75
4.744844440649409E75 , 1215.8556289716018 , 2.2693827487906603E75
6.999769787674161E75 , 1215.8556289716018 , 1.1743562136748442E75
8.463778851156889E75 , 1215.8556289716018 , 7.598323103048141E74
8.54478622445931E75 , 1215.8556289716018 , 8.79753007822761E75
6.097934073502841E74 , 1215.8556289716018 , 4.112826085353742E75
9.314536059199728E75 , 1215.8556289716018 , 5.134321500239945E75
1.787651051361266E75 , 1215.8556289716018 , 5.741734111466473E75
9.086188636209887E75 , 1215.8556289716018 , 3.780547764091065E75
1.2838046047205736E75 , 1215.8556289716018 , 5.359517450152973E75
8.415298835839902E75 , 1215.8556289716018 , 3.69773577340669E75
1.3010068241326322E76 , 1215.8556289716018 , 1.1077353373502395E76
2.5605267300934393E75 , 1215.8556289716018 , 8.050930962344508E75
1.4001499145542735E76 , 1215.8556289716018 , 5.94749288578066E75
6.571324873123514E75 , 1215.8556289716018 , 3.870444954203016E75
1.6475305359260218E76 , 1215.8556289716018 , 1.1923239104830054E76
9.58838453378438E75 , 1215.8556289716018 , 3.6080905626599473E75
2.3296748668144563E76 , 1215.8556289716018 , 1.6983543558618807E76
1.9305147557048945E76 , 1215.8556289716018 , 2.2033314990354197E76
1.4799822289656792E76 , 1215.8556289716018 , 2.3577256255301166E75
1.6702072564315482E76 , 1215.8556289716018 , 1.6295254111951623E76
3.0887701836045284E76 , 1215.8556289716018 , 7.35896082296971E75
5.196609945153746E76 , 1215.8556289716018 , 4.28442123703203E76
5.016023600413788E76 , 1215.8556289716018 , 1.0332071319786131E75
7.944744116076472E76 , 1215.8556289716018 , 6.702591690850559E76
3.266132616342952E76 , 1215.8556289716018 , 2.425317006117536E76
6.869443853732617E76 , 1215.8556289716018 , 5.240281474238814E76
2.2781654963515393E76 , 1215.8556289716018 , 2.401084565922053E76
5.185740852337651E76 , 1215.8556289716018 , 3.835252199990154E76
4.047078410803104E76 , 1215.8556289716018 , 5.91896965263573E75
5.705839344851841E76 , 1215.8556289716018 , 5.0452869716203085E76
1.0954512647088963E77 , 1215.8556289716018 , 2.7157486058047297E76
9.888593928641257E76 , 1215.8556289716018 , 1.0782571876260801E77
1.6882726257391342E77 , 1215.8556289716018 , 3.661013951807794E76
2.281793895458223E77 , 1215.8556289716018 , 2.0536305320660654E77
9.51594597824905E76 , 1215.8556289716018 , 6.896769182538606E76
2.515763078942032E77 , 1215.8556289716018 , 1.7935155529507316E77
9.416343216989808E76 , 1215.8556289716018 , 8.307655043050756E76
2.408491622114341E77 , 1215.8556289716018 , 1.732870961192738E77
1.1558254369481172E77 , 1215.8556289716018 , 6.806881996993177E76
3.2202509598731593E77 , 1215.8556289716018 , 2.263611833914715E77
2.62936570888393E77 , 1215.8556289716018 , 3.349665243427798E76
3.251370569284158E77 , 1215.8556289716018 , 3.0416055218884867E77
1.2542293084275636E77 , 1215.8556289716018 , 1.0534851902957823E77
2.9110409442517537E77 , 1215.8556289716018 , 2.1263200722052076E77
2.73999725473363E77 , 1215.8556289716018 , 2.923009605876138E77
5.750321387971155E77 , 1215.8556289716018 , 1.596662852628136E77
8.053407807270127E77 , 1215.8556289716018 , 7.139754930046152E77
1.7696728466028142E77 , 1215.8556289716018 , 5.064988701496882E77
6.172984953536024E77 , 1215.8556289716018 , 2.2942468411529567E77
1.7117004033766848E77 , 1215.8556289716018 , 4.019689564166818E77
6.110437198691528E77 , 1215.8556289716018 , 2.303720093790454E77
5.472255183510062E77 , 1215.8556289716018 , 5.990542026679572E77
4.108607887482779E77 , 1215.8556289716018 , 7.078684680751812E76
9.975492018699612E77 , 1215.8556289716018 , 7.284307599426924E77
1.3205018808573197E77 , 1215.8556289716018 , 4.477702969166677E77
8.690546355323825E77 , 1215.8556289716018 , 5.177849808031617E77
1.8489595101634636E78 , 1215.8556289716018 , 5.071165675370258E77
2.7489803233814336E78 , 1215.8556289716018 , 2.3781947010746763E78
2.981916268039704E78 , 1215.8556289716018 , 1.2886004043034833E77
5.859230743251046E78 , 1215.8556289716018 , 4.5714018411141855E78
6.660141950557868E78 , 1215.8556289716018 , 6.471128422835609E78
3.4683566763845195E78 , 1215.8556289716018 , 1.6624723221617829E78
1.209619620714407E79 , 1215.8556289716018 , 8.039317544341676E78
2.3876009334787215E78 , 1215.8556289716018 , 5.028531859589333E78
1.3843473718507151E79 , 1215.8556289716018 , 8.389005594703206E78
4.795876627545589E78 , 1215.8556289716018 , 4.710202360069715E78
9.064944157923132E78 , 1215.8556289716018 , 7.16928644349183E78
4.2181829844535583E77 , 1215.8556289716018 , 4.484379012176778E78
9.213482362805582E78 , 1215.8556289716018 , 4.983838407530796E78
6.6026871525253185E78 , 1215.8556289716018 , 1.3775293925711853E78
1.0228801360101889E79 , 1215.8556289716018 , 8.705852258082225E78
6.023377603690168E78 , 1215.8556289716018 , 8.360557216228843E78
7.297027632095238E78 , 1215.8556289716018 , 7.165775860874951E77
6.896520485906216E78 , 1215.8556289716018 , 7.3266377775439655E78
5.71876397044885E78 , 1215.8556289716018 , 6.294155825960819E77
1.037886964454908E78 , 1215.8556289716018 , 2.4615547609261197E78
6.939312612281048E78 , 1215.8556289716018 , 4.12601317906556E78
1.3313009642406046E78 , 1215.8556289716018 , 2.901833178203661E78
6.593439349474927E78 , 1215.8556289716018 , 4.0993301997761395E78
1.893234662106651E78 , 1215.8556289716018 , 2.452544713474797E78
6.723626358133349E78 , 1215.8556289716018 , 4.457734864383738E78
7.088003502760909E78 , 1215.8556289716018 , 1.887234602071959E77
6.596759690835874E78 , 1215.8556289716018 , 7.079565214917299E78
7.564100462167503E78 , 1215.8556289716018 , 5.012013827587567E77
6.9138517901998645E78 , 1215.8556289716018 , 3.3966056920774173E77
8.387081552625871E78 , 1215.8556289716018 , 7.915957527427413E78
1.3875256942516259E79 , 1215.8556289716018 , 2.8847372455004372E78
1.8450481431157434E79 , 1215.8556289716018 , 1.6721988914124705E79
3.7808714412285594E78 , 1215.8556289716018 , 7.690070395312233E78
1.3927931330280428E79 , 1215.8556289716018 , 9.159611523812446E78
1.19463163846343E78 , 1215.8556289716018 , 6.710286705732311E78
1.433300575873047E79 , 1215.8556289716018 , 8.03087392973621E78
3.90201182350688E78 , 1215.8556289716018 , 9.161468683404619E78
2.018523931636412E79 , 1215.8556289716018 , 8.785063792704342E78
1.936334021397711E79 , 1215.8556289716018 , 2.0457815857741702E79
2.019093999928674E79 , 1215.8556289716018 , 7.349996904684149E77
1.1871387973512686E79 , 1215.8556289716018 , 1.6582416863841015E79
3.1027019135810316E79 , 1215.8556289716018 , 9.927504149508828E78
2.259538565627556E79 , 1215.8556289716018 , 4.3706620970798655E78
6.568927963260733E79 , 1215.8556289716018 , 4.566753105544236E79
7.232586441811965E79 , 1215.8556289716018 , 7.061576562066886E79
6.390758387728431E79 , 1215.8556289716018 , 4.561226291720403E78
1.5043532092246451E80 , 1215.8556289716018 , 1.1068761699086608E80
1.2801638194898278E79 , 1215.8556289716018 , 7.306240529709069E79
1.5582689168871065E80 , 1215.8556289716018 , 8.722121624114759E79
3.442392943407733E79 , 1215.8556289716018 , 9.78597947171064E79
1.382628279696948E80 , 1215.8556289716018 , 5.556567184799198E79
7.690608722042222E79 , 1215.8556289716018 , 1.101931918453438E80
4.7782391069510564E79 , 1215.8556289716018 , 1.774529849873306E79
2.1668437800967075E79 , 1215.8556289716018 , 3.55822576833353E79
4.586188089121612E79 , 1215.8556289716018 , 1.2902332758584269E79
5.196532343276608E78 , 1215.8556289716018 , 2.1096555879495175E79
4.889354768638519E79 , 1215.8556289716018 , 2.7996166069504826E79
1.5552292900554216E79 , 1215.8556289716018 , 2.9654374398345884E79
3.9204278843132645E79 , 1215.8556289716018 , 1.6299731351008762E79
2.7371053024173774E79 , 1215.8556289716018 , 3.182695277519489E79
4.345783072534382E79 , 1215.8556289716018 , 1.1023824979042676E79
3.905762686713434E79 , 1215.8556289716018 , 3.745297455847397E78
1.5319571260600765E79 , 1215.8556289716018 , 1.343370147336301E79
1.4582601024802844E79 , 1215.8556289716018 , 1.4379466617831366E79
2.1827890354314894E79 , 1215.8556289716018 , 4.737282472907854E78
1.7561603844796275E79 , 1215.8556289716018 , 2.0386617367696466E79
2.9202764705330314E79 , 1215.8556289716018 , 6.128516048702213E78
5.8534709760674455E79 , 1215.8556289716018 , 4.5239394599648967E79
4.177506646888648E79 , 1215.8556289716018 , 1.074395182124225E79
6.405318201600031E79 , 1215.8556289716018 , 5.477170238931039E79
7.389432631403303E79 , 1215.8556289716018 , 5.228502749757688E78
1.1396369923048367E80 , 1215.8556289716018 , 9.534369790827303E79
3.079808598055845E78 , 1215.8556289716018 , 6.052915497960783E79
1.1497580116736897E80 , 1215.8556289716018 , 5.814661598196247E79
7.294960925965034E79 , 1215.8556289716018 , 9.535318823702767E79
1.1528206424095887E80 , 1215.8556289716018 , 2.5659078598425496E79
1.4529300082158695E80 , 1215.8556289716018 , 1.7119008068496208E79
1.397627716967704E80 , 1215.8556289716018 , 5.658007402561172E78
3.11161718421962E80 , 1215.8556289716018 , 2.3150679233780586E80
4.581935990780085E79 , 1215.8556289716018 , 1.8484304250859339E80
2.602892111514433E80 , 1215.8556289716018 , 1.1204019460120066E80
2.7923435908665702E79 , 1215.8556289716018 , 1.227040436616959E80
2.8540254666824453E80 , 1215.8556289716018 , 1.599265382498054E80
3.134332985765359E80 , 1215.8556289716018 , 3.094506397270138E80
2.2444973995623862E80 , 1215.8556289716018 , 2.785613225552182E80
3.7348322686650117E80 , 1215.8556289716018 , 7.999739881661837E79
5.765627602015594E80 , 1215.8556289716018 , 4.917540398443469E80
4.6353516821738346E80 , 1215.8556289716018 , 6.325769427915916E79
1.9024171649779357E79 , 1215.8556289716018 , 2.4862488044631234E80
4.578868528876622E80 , 1215.8556289716018 , 2.3072769194059732E80
6.810408529902723E80 , 1215.8556289716018 , 5.892704749406947E80
1.9072481205846105E80 , 1215.8556289716018 , 2.582464379806093E80
6.527546626784293E80 , 1215.8556289716018 , 4.364067707532082E80
1.871117752884034E80 , 1215.8556289716018 , 4.289152104724706E80
6.382359516212715E80 , 1215.8556289716018 , 2.436261274742916E80
3.615287580707404E80 , 1215.8556289716018 , 5.118668711394313E80
5.432815952502662E80 , 1215.8556289716018 , 1.025469386987385E80
5.750057060972365E80 , 1215.8556289716018 , 5.771630188744424E80
9.424773605368532E80 , 1215.8556289716018 , 1.955873288235982E80
2.2298186572133967E80 , 1215.8556289716018 , 3.7358701880939106E80
9.438121779496661E80 , 1215.8556289716018 , 6.037325126679463E80
1.1747478570299629E80 , 1215.8556289716018 , 4.313460169064989E80
7.966650898825823E80 , 1215.8556289716018 , 4.724480001666101E80
2.5815805619959424E80 , 1215.8556289716018 , 5.37664107005227E80
7.284682464015706E80 , 1215.8556289716018 , 2.5827578443463065E80
1.1650626750040692E81 , 1215.8556289716018 , 9.724854774479304E80
1.5175883297955338E80 , 1215.8556289716018 , 5.372121857208243E80
1.1873910027549484E81 , 1215.8556289716018 , 6.817406423527475E80
1.5233343750377315E81 , 1215.8556289716018 , 1.3999099755563052E81
1.1338125446657366E81 , 1215.8556289716018 , 2.280109485318813E80
1.5175489825561897E81 , 1215.8556289716018 , 1.3717611357974585E81
7.614933189347941E80 , 1215.8556289716018 , 3.9516775093835703E80
1.4572987629102563E81 , 1215.8556289716018 , 1.146832314032736E81
1.4355685419144745E81 , 1215.8556289716018 , 1.609125329699074E79
2.5037445897913343E81 , 1215.8556289716018 , 2.038637205765083E81
2.4014340764965145E81 , 1215.8556289716018 , 7.328620296564211E79
2.7574182024508793E81 , 1215.8556289716018 , 2.6701143734813728E81
5.819994280003962E81 , 1215.8556289716018 , 1.5878941196670344E81
2.1162921912796695E81 , 1215.8556289716018 , 1.9334560569852644E81
4.804396055582278E81 , 1215.8556289716018 , 3.5717881775939227E81
4.040593730320925E81 , 1215.8556289716018 , 4.548902830871733E81
1.508868000348666E81 , 1215.8556289716018 , 1.3623412009977376E81
3.835299699066255E81 , 1215.8556289716018 , 2.764751790798541E81
7.61410448604112E80 , 1215.8556289716018 , 1.6315947798962738E81
3.5015171405052937E81 , 1215.8556289716018 , 2.2032446577653606E81
2.633608210925172E80 , 1215.8556289716018 , 1.7254859290279107E81
3.5118560554179573E81 , 1215.8556289716018 , 1.907200770779296E81
4.644621351446108E81 , 1215.8556289716018 , 7.282017993833049E80
4.374889433720399E81 , 1215.8556289716018 , 4.590295714243758E81
2.9910919824451946E81 , 1215.8556289716018 , 1.0650314833558052E81
5.80959430261618E81 , 1215.8556289716018 , 4.26997621566952E81
6.4849236200951465E81 , 1215.8556289716018 , 6.381786788541453E80
2.7577143039138187E81 , 1215.8556289716018 , 2.0388543842128577E81
7.18897995399948E81 , 1215.8556289716018 , 5.145521206178631E81
6.453825145865628E81 , 1215.8556289716018 , 6.274361174117156E81
9.420425741234793E81 , 1215.8556289716018 , 2.621195651302472E81
1.1253072223355449E82 , 1215.8556289716018 , 1.0693838719384416E82
8.824869886072781E81 , 1215.8556289716018 , 2.1587128495870824E81
3.799451872128609E81 , 1215.8556289716018 , 6.539736811721148E81
9.34722454915824E81 , 1215.8556289716018 , 2.884112953007393E81
4.2354752496346835E81 , 1215.8556289716018 , 7.039024454178093E81
1.031515922923857E82 , 1215.8556289716018 , 3.423649167324388E81
6.3137572263205954E81 , 1215.8556289716018 , 4.29079422915977E81
1.044172910815491E82 , 1215.8556289716018 , 6.8186510940643494E81
1.1185245592413906E82 , 1215.8556289716018 , 5.567021890146947E81
1.2122713769125504E82 , 1215.8556289716018 , 1.2059280250116123E82
1.173051870248021E82 , 1215.8556289716018 , 9.524769346572688E81
1.109998184789116E82 , 1215.8556289716018 , 6.689453605953581E81
1.6492121266327877E82 , 1215.8556289716018 , 1.4291904833063665E82
1.1525874120684578E82 , 1215.8556289716018 , 7.951366281276156E81
6.143102369634033E81 , 1215.8556289716018 , 6.703375262164253E81
1.4502388965780555E82 , 1215.8556289716018 , 6.8405880799018685E81
1.063803901243894E82 , 1215.8556289716018 , 3.353559857596E81
2.0460937849929223E82 , 1215.8556289716018 , 1.6151088056349395E82
2.0311941723476228E82 , 1215.8556289716018 , 5.92633129048812E81
1.2623175984881361E82 , 1215.8556289716018 , 1.1113377797910997E82
1.7191312717729506E82 , 1215.8556289716018 , 1.4722602718181067E82
1.542246143591555E82 , 1215.8556289716018 , 6.8888852511657435E81
9.20211115495291E81 , 1215.8556289716018 , 1.2747186686789694E82
2.5826474477993217E82 , 1215.8556289716018 , 9.243495754111353E81
1.2242017007162025E82 , 1215.8556289716018 , 1.9583216609226216E82
2.9545377889159143E82 , 1215.8556289716018 , 9.246627532129421E81
4.7527786433499877E82 , 1215.8556289716018 , 2.3239493472440545E82
5.257288155760276E82 , 1215.8556289716018 , 2.597639508291976E82
6.437143570752678E82 , 1215.8556289716018 , 4.015486619004812E82
1.5604157170853512E83 , 1215.8556289716018 , 8.06944690407012E82
1.1355478443009068E83 , 1215.8556289716018 , 9.211930714685424E82
9.004980675514994E82 , 1215.8556289716018 , 1.0530700795646193E83
1.300861089228407E83 , 1215.8556289716018 , 2.12945921123731E82
8.901738655826193E82 , 1215.8556289716018 , 1.0420373618062945E83
1.2289466753627694E83 , 1215.8556289716018 , 1.0972410379910188E83
2.943874737333635E82 , 1215.8556289716018 , 4.891061779202006E82
1.2847774778719343E83 , 1215.8556289716018 , 8.184491218996328E82
7.539164636086718E82 , 1215.8556289716018 , 7.27082734992755E82
4.506953270662725E82 , 1215.8556289716018 , 6.121894256823792E82
6.941669237088006E82 , 1215.8556289716018 , 3.251270298486787E82
6.482393850947834E82 , 1215.8556289716018 , 4.513720500824694E82
9.313697608981841E82 , 1215.8556289716018 , 3.9438648216486816E82
6.24638941583151E82 , 1215.8556289716018 , 3.149097078980762E82
1.1577421304888578E83 , 1215.8556289716018 , 9.215869234164035E82
5.4800531588514875E82 , 1215.8556289716018 , 8.393120657923219E82
1.581454006927245E83 , 1215.8556289716018 , 5.8995293063562765E82
1.6042839030486074E82 , 1215.8556289716018 , 7.514389143751419E82
1.53283922877821E83 , 1215.8556289716018 , 8.672459075013824E82
6.739174003969014E82 , 1215.8556289716018 , 4.560304076307528E82
1.0034987675630253E83 , 1215.8556289716018 , 8.597170609683025E82
7.445504739716338E82 , 1215.8556289716018 , 8.924374001464975E82
1.4112694980342708E83 , 1215.8556289716018 , 4.856164493879513E82
8.792154196767079E82 , 1215.8556289716018 , 4.906725560533293E82
2.2015756425106606E83 , 1215.8556289716018 , 1.4470355817882963E83
2.0929428567303247E83 , 1215.8556289716018 , 3.173093270516956E82
1.038879097827455E83 , 1215.8556289716018 , 1.6052924881007864E83
3.425111024076447E83 , 1215.8556289716018 , 1.2901656927964164E83
1.4981241634889227E83 , 1215.8556289716018 , 1.0424158520947693E83
3.7695510460446465E83 , 1215.8556289716018 , 2.7232279250598074E83
1.1621608491234021E83 , 1215.8556289716018 , 1.5647270014641446E83
3.98333348293341E83 , 1215.8556289716018 , 2.657750903837759E83
6.701087763020291E83 , 1215.8556289716018 , 1.459145267438223E83
3.571669154019539E83 , 1215.8556289716018 , 2.465214622955737E83
7.738679476268287E83 , 1215.8556289716018 , 5.111469550207737E83
1.0864123528751645E84 , 1215.8556289716018 , 2.651788653752886E83
1.0686942677695254E84 , 1215.8556289716018 , 1.0489411782635881E84
1.096688436381305E84 , 1215.8556289716018 , 1.9267852614379823E83
1.5366195827919941E84 , 1215.8556289716018 , 1.1623766060959563E84
6.017901894269728E83 , 1215.8556289716018 , 9.146720184468768E83
1.70597903906831E84 , 1215.8556289716018 , 1.1789641902205008E84
1.2664838292845723E84 , 1215.8556289716018 , 6.524737698689721E83
2.2849940169575047E84 , 1215.8556289716018 , 1.824122671445276E84
1.4591692880615662E84 , 1215.8556289716018 , 1.7751236253825939E84
1.903886968801075E84 , 1215.8556289716018 , 2.3407913042215464E83
1.4557409595046745E84 , 1215.8556289716018 , 1.7311784060536593E84
1.9840395450973536E84 , 1215.8556289716018 , 2.954344339858507E83
3.4476354567209748E84 , 1215.8556289716018 , 2.037718500530612E84
3.564358926136859E84 , 1215.8556289716018 , 1.2300438705276021E84
8.578209419725964E84 , 1215.8556289716018 , 5.7898329237411785E84
3.5016584415579983E84 , 1215.8556289716018 , 2.702794073391552E84
1.1270546795357631E85 , 1215.8556289716018 , 7.5833697457848485E84
6.06064696928867E84 , 1215.8556289716018 , 2.7124033452476696E84
8.212637634937734E84 , 1215.8556289716018 , 7.3823872645803485E84
7.861640157877617E84 , 1215.8556289716018 , 8.572292525709184E83
4.754131385471584E84 , 1215.8556289716018 , 3.40379284482511E84
9.502405712372112E84 , 1215.8556289716018 , 5.59557404627389E84
5.0360148188493695E84 , 1215.8556289716018 , 2.9047402664065464E84
1.6101131381026753E85 , 1215.8556289716018 , 1.0368678214133163E85
1.223963401093377E85 , 1215.8556289716018 , 3.79718612126767E84
2.3108341486885606E85 , 1215.8556289716018 , 1.678844608073194E85
2.364045287741595E85 , 1215.8556289716018 , 3.2337270135032165E84
2.883641241562874E84 , 1215.8556289716018 , 1.1680749869103576E85
2.3202661012738783E85 , 1215.8556289716018 , 1.2573356231534152E85
7.579708243484516E84 , 1215.8556289716018 , 1.1526997714355323E85
2.6829717201295063E85 , 1215.8556289716018 , 1.5130241895135884E85
1.2787064520061086E85 , 1215.8556289716018 , 2.04828664529374E85
2.903748085555513E85 , 1215.8556289716018 , 8.457596498761063E84
3.479484224572949E85 , 1215.8556289716018 , 3.3016462217448716E85
1.5892120277066344E85 , 1215.8556289716018 , 1.0403481370508937E85
5.0385336350237095E85 , 1215.8556289716018 , 3.427277184408857E85
2.573550195359891E85 , 1215.8556289716018 , 3.9379480934659716E85
1.310694177067367E85 , 1215.8556289716018 , 7.97891765270002E84
2.40543519959855E85 , 1215.8556289716018 , 1.9182233276259543E85
2.5463372840680324E84 , 1215.8556289716018 , 1.2972462888295113E85
2.418193697785215E85 , 1215.8556289716018 , 1.3640155946282495E85
7.1297379141446305E84 , 1215.8556289716018 , 1.1313494131135718E85
2.9638479198998838E85 , 1215.8556289716018 , 1.889717765171058E85
6.834941640680511E84 , 1215.8556289716018 , 1.2065916160326785E85
3.629905405667083E85 , 1215.8556289716018 , 2.2118769069511094E85
1.484570234639236E85 , 1215.8556289716018 , 1.3950292071186791E85
4.002283793565435E85 , 1215.8556289716018 , 2.6116039905147963E85
2.37282144560575E85 , 1215.8556289716018 , 3.29207442006473E85
3.472689144837013E85 , 1215.8556289716018 , 5.789037303804613E84
2.0977440791587767E85 , 1215.8556289716018 , 8.793189104036927E84
8.746466385049614E84 , 1215.8556289716018 , 8.552780540075109E84
2.1911398756327173E85 , 1215.8556289716018 , 1.581534507835788E85
3.0867586819080593E85 , 1215.8556289716018 , 2.662355553092392E85
9.168982293288556E84 , 1215.8556289716018 , 1.6105577025678686E85
2.8265534229142286E85 , 1215.8556289716018 , 1.5708369562092265E85
3.3198536179247696E85 , 1215.8556289716018 , 7.0814306534355025E84
4.965089106489775E84 , 1215.8556289716018 , 1.5020639230122368E85
3.277901510783844E85 , 1215.8556289716018 , 1.954324668384609E85
9.997415864429961E84 , 1215.8556289716018 , 1.2889752356329074E85
3.0808456842070792E85 , 1215.8556289716018 , 2.069051414755745E85
1.980999917928042E85 , 1215.8556289716018 , 2.0785664182020195E85
2.2017308989417843E85 , 1215.8556289716018 , 7.329022077533818E84
3.4064510176549824E85 , 1215.8556289716018 , 2.242847621127788E85
5.060697301062017E85 , 1215.8556289716018 , 2.1552506271221418E85
7.509896695959841E85 , 1215.8556289716018 , 6.37453953840364E85
3.9639265727266966E85 , 1215.8556289716018 , 2.3215187400758733E85
8.162098957889157E85 , 1215.8556289716018 , 5.805681610827503E85
1.3852541933322547E86 , 1215.8556289716018 , 5.010669192126586E85
1.3791465385856248E86 , 1215.8556289716018 , 1.393286903016604E86
2.288394362947245E85 , 1215.8556289716018 , 8.312998576910919E85
1.4091628509140836E86 , 1215.8556289716018 , 7.98283229572865E85
6.265061729329486E85 , 1215.8556289716018 , 9.93254631178531E85
1.706153262023083E86 , 1215.8556289716018 , 7.690859890161552E85
7.63331437948289E85 , 1215.8556289716018 , 5.1411102035017125E85
2.69448735164152E86 , 1215.8556289716018 , 1.7751636228025695E86
4.331236865675889E86 , 1215.8556289716018 , 9.26829114882772E85
5.211460955267601E86 , 1215.8556289716018 , 4.9343853552361744E86
1.1534784584290087E87 , 1215.8556289716018 , 3.481582952824837E86
9.04754346596325E86 , 1215.8556289716018 , 1.0555950368118845E87
1.4678569056560923E87 , 1215.8556289716018 , 3.067351495391956E86
1.2744094544708657E87 , 1215.8556289716018 , 1.4049644336247518E87
1.6096500590174841E87 , 1215.8556289716018 , 1.986381161026887E86
1.5734181400939016E87 , 1215.8556289716018 , 1.6459603908403012E87
8.130253027051965E86 , 1215.8556289716018 , 1.2343474086029957E87
8.420251101586008E86 , 1215.8556289716018 , 3.291756135619751E85
9.138090351909194E86 , 1215.8556289716018 , 9.081294342346061E86
9.98483543285864E86 , 1215.8556289716018 , 7.719105021124225E85
1.3567774473017544E86 , 1215.8556289716018 , 5.817861797603727E86
1.095640099086241E87 , 1215.8556289716018 , 5.286100581560656E86
8.228949521280996E86 , 1215.8556289716018 , 1.6547241836879217E86
9.938169140178989E86 , 1215.8556289716018 , 9.365157456575599E86
8.161079470777735E86 , 1215.8556289716018 , 1.0423603676352335E86
9.95674218407877E86 , 1215.8556289716018 , 9.332706804264815E86
9.518986303210425E86 , 1215.8556289716018 , 6.622377483536887E85
1.0640722290490757E87 , 1215.8556289716018 , 1.0080779138536227E87
8.369794689246872E86 , 1215.8556289716018 , 1.2633035522269033E86
2.2373999764247266E87 , 1215.8556289716018 , 1.5857727054970112E87
2.44516428763654E87 , 1215.8556289716018 , 1.5826402435728784E86
6.115883407138685E87 , 1215.8556289716018 , 4.413004959174624E87
8.136845493693521E86 , 1215.8556289716018 , 2.7546373072180886E87
6.6398365418790055E87 , 1215.8556289716018 , 3.853667091254711E87
1.0741830986942557E88 , 1215.8556289716018 , 2.167347804072025E87
1.0187072587611058E88 , 1215.8556289716018 , 1.078946047770068E88
6.485962697727933E87 , 1215.8556289716018 , 1.9937526094823123E87
1.2093240408525513E88 , 1215.8556289716018 , 9.54735852134231E87
6.380318581316737E87 , 1215.8556289716018 , 3.0243996475547884E87
1.982630677418217E88 , 1215.8556289716018 , 1.355135794987284E88
1.5335151418669901E88 , 1215.8556289716018 , 1.808096143225513E88
3.480698537878104E88 , 1215.8556289716018 , 1.0283895038984506E88
7.174397952851546E88 , 1215.8556289716018 , 5.504708538505597E88
8.499000472521747E88 , 1215.8556289716018 , 8.10770015689155E88
6.434573724396918E88 , 1215.8556289716018 , 1.0881005297484001E88
4.969126151136287E88 , 1215.8556289716018 , 5.8973506978709846E88
1.4236600209160267E88 , 1215.8556289716018 , 3.3037207275562876E88
5.336542110194873E88 , 1215.8556289716018 , 2.0373612138160487E88
2.008685890096097E88 , 1215.8556289716018 , 3.798210925144177E88
3.3694231440415785E88 , 1215.8556289716018 , 7.2872968654658075E87
4.110679920198228E88 , 1215.8556289716018 , 3.864183454565009E88
4.934149299911821E88 , 1215.8556289716018 , 4.610058958445134E87
4.260799898654302E87 , 1215.8556289716018 , 2.7624755445489308E88
5.076773567587301E88 , 1215.8556289716018 , 2.4431667074237006E88
4.072559606391519E88 , 1215.8556289716018 , 5.929233821287829E87
4.599850760303757E88 , 1215.8556289716018 , 4.425058452850731E88
1.2646518275782563E88 , 1215.8556289716018 , 1.8652222570398467E88
5.701202878493465E88 , 1215.8556289716018 , 3.5507910170841604E88
5.281238865044905E88 , 1215.8556289716018 , 5.689569440105296E88
1.4329957120818154E88 , 1215.8556289716018 , 2.020960564284207E88
3.881343701627292E88 , 1215.8556289716018 , 2.739565190584619E88
2.8981729962028847E88 , 1215.8556289716018 , 6.012709028210317E87
2.3112483855889383E88 , 1215.8556289716018 , 2.6345327904092636E88
5.512620118040543E88 , 1215.8556289716018 , 1.8635488671552295E88
3.389820987923426E88 , 1215.8556289716018 , 4.432103240292669E88
4.145327917798565E88 , 1215.8556289716018 , 6.030755756346778E87
1.8412483832519337E88 , 1215.8556289716018 , 3.006765230379857E88
4.75940538606363E88 , 1215.8556289716018 , 1.656120925185355E88
1.9924548364197526E88 , 1215.8556289716018 , 3.2950240904465785E88
4.9024029186625954E88 , 1215.8556289716018 , 2.0101845631487225E88
2.7055624972801745E88 , 1215.8556289716018 , 1.9438586040848663E88
8.305807881201163E88 , 1215.8556289716018 , 5.6762425891251084E88
7.199920079824844E88 , 1215.8556289716018 , 6.037461134407818E88
4.809794615729459E88 , 1215.8556289716018 , 3.3845679115843325E88
6.1522920697247424E88 , 1215.8556289716018 , 5.6707318044463745E88
4.4613707215196596E88 , 1215.8556289716018 , 5.048172613262678E88
6.986632651843641E88 , 1215.8556289716018 , 1.4745111146577996E88
1.0297602747885313E89 , 1215.8556289716018 , 8.981907109439317E88
5.2253781858642665E88 , 1215.8556289716018 , 4.832826207671625E88
4.6925632062224726E88 , 1215.8556289716018 , 3.538994136964195E88
3.7395743347323075E88 , 1215.8556289716018 , 4.3788242819340575E88
8.16498356685716E88 , 1215.8556289716018 , 2.6088073457282513E88
8.29721651604711E88 , 1215.8556289716018 , 3.978957351459727E88
9.221173501151222E88 , 1215.8556289716018 , 5.553131235115001E88
6.205805039341115E88 , 1215.8556289716018 , 2.827323382263001E88
1.4073628545385513E89 , 1215.8556289716018 , 1.053593728021367E89
1.8552959681141212E89 , 1215.8556289716018 , 6.613710219408122E88
9.718278688059485E88 , 1215.8556289716018 , 1.3824951077891805E89
2.3093909560769925E89 , 1215.8556289716018 , 1.0476898016215142E89
1.1904586442490755E89 , 1215.8556289716018 , 7.101763578892542E88
3.318722385473942E89 , 1215.8556289716018 , 2.3046417170406966E89
4.908588406502977E89 , 1215.8556289716018 , 1.1567766924859816E89
6.3015023537836904E88 , 1215.8556289716018 , 2.4376383702662946E89
5.0072304985394185E89 , 1215.8556289716018 , 2.905993572806204E89
5.652142697409297E89 , 1215.8556289716018 , 3.870519656809027E88
5.366555946868552E89 , 1215.8556289716018 , 5.415632618379318E89
2.9586882900422904E89 , 1215.8556289716018 , 4.30565758226104E89
4.9562483892103897E89 , 1215.8556289716018 , 1.3345578253748687E89
4.977581391969734E89 , 1215.8556289716018 , 5.489907093794516E88
6.651847611550089E89 , 1215.8556289716018 , 5.816102513714402E89
7.65244027231106E88 , 1215.8556289716018 , 3.439484840499425E89
7.066442819983507E89 , 1215.8556289716018 , 3.709031332150372E89
8.17755945333498E89 , 1215.8556289716018 , 7.679858831887441E89
1.3858796325997217E90 , 1215.8556289716018 , 3.276960941885439E89
5.873192396275316E89 , 1215.8556289716018 , 1.0191266533274334E90
1.3864350167407531E90 , 1215.8556289716018 , 4.3172361802935845E89
6.192159560727778E89 , 1215.8556289716018 , 1.0004702105857027E90
1.7911272757072778E90 , 1215.8556289716018 , 6.560431277192236E89
5.85184056747569E89 , 1215.8556289716018 , 1.1906795505119743E90
1.5126464674661947E90 , 1215.8556289716018 , 5.438414706391271E89
2.090376740718799E90 , 1215.8556289716018 , 1.8309315960930166E90
1.6971517220362287E90 , 1215.8556289716018 , 3.452552510126688E89
2.0087883275214296E89 , 1215.8556289716018 , 8.501920383294662E89
1.6738449627464888E90 , 1215.8556289716018 , 9.382966480406527E89
9.436821933929522E89 , 1215.8556289716018 , 1.2643553673638853E90
6.222196272453064E89 , 1215.8556289716018 , 4.0962347759301913E89
1.188320787130891E90 , 1215.8556289716018 , 7.192102062914622E89
1.5731158714576167E90 , 1215.8556289716018 , 1.2968866175517878E90
2.068655508106679E90 , 1215.8556289716018 , 4.4199685344384675E89
1.4687472970464134E90 , 1215.8556289716018 , 1.3434602988296646E90
3.2493121219613573E90 , 1215.8556289716018 , 1.4333441570170277E90
2.9432966936990146E90 , 1215.8556289716018 , 8.208847663442685E89
5.9136177879382005E90 , 1215.8556289716018 , 4.582435497855246E90
1.0530214305607972E91 , 1215.8556289716018 , 2.41673873736075E90
5.115739507274717E90 , 1215.8556289716018 , 6.234723644658315E90
1.2285614607394236E91 , 1215.8556289716018 , 5.732494952793713E90
1.4455472313058047E91 , 1215.8556289716018 , 1.3835250811782928E91
2.8081083104382617E90 , 1215.8556289716018 , 6.473655286259488E90
1.4046329253718764E91 , 1215.8556289716018 , 8.366101586919564E90
1.5773356371438793E91 , 1215.8556289716018 , 4.236636842661602E90
1.6023719820978576E91 , 1215.8556289716018 , 1.1826572585440147E91
1.5667064499414617E91 , 1215.8556289716018 , 5.954797983866E90
1.1347434093489998E91 , 1215.8556289716018 , 9.636456256386733E90
2.454387894825862E91 , 1215.8556289716018 , 1.1707603916091555E91
2.4875543721410917E91 , 1215.8556289716018 , 1.978327236935111E91
2.241295900145487E91 , 1215.8556289716018 , 8.3099411713502E90
2.828025507669525E91 , 1215.8556289716018 , 2.272683500444945E91
4.1776100559343606E91 , 1215.8556289716018 , 1.0897237953858993E91
3.492124640658221E91 , 1215.8556289716018 , 3.9119028110110606E91
4.744714692428297E90 , 1215.8556289716018 , 1.854332076035341E91
3.750337640126779E91 , 1215.8556289716018 , 1.916728589419434E91
3.017668198270658E91 , 1215.8556289716018 , 3.00245184256485E91
4.958998919776482E91 , 1215.8556289716018 , 1.883134651924682E91
2.7408957043321325E91 , 1215.8556289716018 , 3.860458678477172E91
3.938927805651113E91 , 1215.8556289716018 , 7.965633587469743E90
3.272824715141718E91 , 1215.8556289716018 , 3.599573548662271E91
3.317757558653246E91 , 1215.8556289716018 , 4.820195210881242E90
1.642076008514389E91 , 1215.8556289716018 , 1.4936031471155302E91
4.534338761874311E91 , 1215.8556289716018 , 2.692656592237607E91
2.71851944944196E91 , 1215.8556289716018 , 2.093987358092695E91
4.9975607795857795E91 , 1215.8556289716018 , 3.270454384803385E91
3.2863541039034066E91 , 1215.8556289716018 , 2.6552182860809485E91
3.637369787871693E91 , 1215.8556289716018 , 2.4056010372010046E91
4.7211935768879024E91 , 1215.8556289716018 , 2.9562686264546732E91
3.913754770275258E91 , 1215.8556289716018 , 3.415188353116803E91
4.126103757150666E91 , 1215.8556289716018 , 3.430091369316845E91
3.828694033075129E91 , 1215.8556289716018 , 3.394612304479759E91
6.0005743984905E91 , 1215.8556289716018 , 3.261184668915465E91
8.558525937550796E91 , 1215.8556289716018 , 5.236280527642655E91
3.401529460654592E91 , 1215.8556289716018 , 2.8060296697684132E91
8.342137807666513E91 , 1215.8556289716018 , 6.099051561167238E91
2.607335871321477E91 , 1215.8556289716018 , 5.0779123384104785E91
8.012426403417923E91 , 1215.8556289716018 , 3.543394533465005E91
7.815189131419257E91 , 1215.8556289716018 , 8.202886971973811E91
9.190904155076647E91 , 1215.8556289716018 , 1.7148050217558604E91
1.1538710157341735E92 , 1215.8556289716018 , 7.140019542575403E91
1.7621693053850314E92 , 1215.8556289716018 , 9.061633223375446E91
1.0392681547536662E92 , 1215.8556289716018 , 9.092132397670081E91
2.5352257593851425E92 , 1215.8556289716018 , 1.3459063025743757E92
1.4323797833746318E92 , 1215.8556289716018 , 1.2754114258026845E92
2.1909886877635812E92 , 1215.8556289716018 , 1.375526911720589E92
1.4878075404057245E92 , 1215.8556289716018 , 1.8236933915755425E92
2.3308346145906757E92 , 1215.8556289716018 , 1.2779217643967998E92
3.3162021785292856E92 , 1215.8556289716018 , 1.289566116001655E92
4.119126497078818E92 , 1215.8556289716018 , 2.0458513548618263E92
2.5916851959685237E92 , 1215.8556289716018 , 2.658117463224227E92
2.367881452786652E92 , 1215.8556289716018 , 1.2287576812770793E92
1.9719832862000068E92 , 1215.8556289716018 , 1.1596935718409122E92
3.529504309385714E92 , 1215.8556289716018 , 2.5585562801358158E92
1.1702953533317637E92 , 1215.8556289716018 , 2.1780223071214626E92
4.009361256059874E92 , 1215.8556289716018 , 1.7842809666476472E92
3.185669725548106E92 , 1215.8556289716018 , 3.732183574952145E92
3.0929733919927644E92 , 1215.8556289716018 , 7.460350963965293E91
3.786380809696585E92 , 1215.8556289716018 , 3.16108330939375E92
2.2781466132583495E92 , 1215.8556289716018 , 2.104839414858342E92
6.737758272963119E92 , 1215.8556289716018 , 3.4296312577387427E92
4.385387284738809E92 , 1215.8556289716018 , 3.3165700948922914E92
7.097855820569802E92 , 1215.8556289716018 , 5.067558031290423E92
3.323698950954247E92 , 1215.8556289716018 , 3.4489668902923385E92
7.606314491698844E92 , 1215.8556289716018 , 4.235516196916207E92
1.073188735502077E93 , 1215.8556289716018 , 4.679716631035281E92
5.194075825628438E92 , 1215.8556289716018 , 7.100359843941412E92
1.0102905013324338E93 , 1215.8556289716018 , 3.775934260005693E92
1.1218849638257872E93 , 1215.8556289716018 , 1.0854328207116246E93
1.7747333138158497E93 , 1215.8556289716018 , 3.665073861374916E92
1.409399153874632E93 , 1215.8556289716018 , 1.5517710141648855E93
2.3944887603350967E93 , 1215.8556289716018 , 1.0406547515102046E93
7.235556312051405E92 , 1215.8556289716018 , 1.4654615461672694E93
2.68897620493681E93 , 1215.8556289716018 , 1.3310400453202498E93
2.102609182224937E93 , 1215.8556289716018 , 1.4829097805234418E93
3.147576641932267E93 , 1215.8556289716018 , 1.6839628927282403E93
1.60967823612968E93 , 1215.8556289716018 , 2.475203341556709E93
3.6705037660654552E93 , 1215.8556289716018 , 1.1073355692715474E93
2.0531487275067441E93 , 1215.8556289716018 , 2.440350222714573E93
4.548993431810124E93 , 1215.8556289716018 , 1.8601927079260642E93
4.1569444729807313E93 , 1215.8556289716018 , 3.844866214675578E93
1.2117681876220237E93 , 1215.8556289716018 , 1.7574339579953979E93
4.0065260766549387E93 , 1215.8556289716018 , 2.5221672247917763E93
2.4633346724635454E93 , 1215.8556289716018 , 3.3780690942942884E93
3.8739064712358017E93 , 1215.8556289716018 , 1.1143677624492898E93
5.805191503089129E93 , 1215.8556289716018 , 5.09413109599434E93
3.248889384989923E93 , 1215.8556289716018 , 2.1460345135819455E93
6.546130079757881E93 , 1215.8556289716018 , 5.1327155486195E93
5.729958573238755E93 , 1215.8556289716018 , 1.0774742656182294E93
5.422490776966226E93 , 1215.8556289716018 , 5.678194622236972E93
4.0409893259650306E93 , 1215.8556289716018 , 1.499510549899457E93
2.0601742852174774E93 , 1215.8556289716018 , 2.7128958169384277E93
3.255822160196772E93 , 1215.8556289716018 , 1.3913206252284444E93
1.6892066189225393E93 , 1215.8556289716018 , 2.5330354632667987E93
4.60089687103181E93 , 1215.8556289716018 , 1.6392868720230619E93
3.2422924607136243E93 , 1215.8556289716018 , 3.804793785481989E93
7.852201148455452E93 , 1215.8556289716018 , 3.1929325256466415E93
2.272556582454731E93 , 1215.8556289716018 , 4.388201638604114E93
1.0009194535987921E94 , 1215.8556289716018 , 5.046534158617567E93
7.9869058787498165E93 , 1215.8556289716018 , 1.9075559283807635E93
1.2781238675203055E94 , 1215.8556289716018 , 1.087404366950428E94
1.1951070442807626E94 , 1215.8556289716018 , 4.474810994835446E93
1.1800391350063454E94 , 1215.8556289716018 , 1.154451084344431E94
1.5537822625835618E94 , 1215.8556289716018 , 3.405599063027361E93
9.373733639422164E93 , 1215.8556289716018 , 1.2889687677272888E94
1.9943887715606244E94 , 1215.8556289716018 , 8.715884989884796E93
1.86018241123651E94 , 1215.8556289716018 , 1.851300083210886E94
2.706786436121849E94 , 1215.8556289716018 , 7.7391065122722125E93
1.0871590493775971E94 , 1215.8556289716018 , 1.584346747316665E94
2.2667963612643063E94 , 1215.8556289716018 , 1.4115345016978395E94
2.961280549487091E94 , 1215.8556289716018 , 2.1154395056527407E94
2.4519901329742267E94 , 1215.8556289716018 , 1.0377066967298389E94
2.180705921752674E94 , 1215.8556289716018 , 1.7434101476652173E94
3.567090202891212E94 , 1215.8556289716018 , 2.0126059526716264E94
4.763683165165144E94 , 1215.8556289716018 , 3.982981318785593E94
2.4731149013576617E94 , 1215.8556289716018 , 3.743956382381115E94
4.139512536904003E94 , 1215.8556289716018 , 1.9538760978417538E94
3.824917248077832E94 , 1215.8556289716018 , 1.8802402734285415E94
6.11273014762287E94 , 1215.8556289716018 , 3.598033017614077E94
7.295982223389497E94 , 1215.8556289716018 , 4.238793852398542E94
7.091216255533187E94 , 1215.8556289716018 , 6.175949239307033E94
9.192965471676382E94 , 1215.8556289716018 , 7.917795341843419E94
9.302428679088352E94 , 1215.8556289716018 , 5.5151210846433245E94
1.2394321348194892E95 , 1215.8556289716018 , 1.0450232064957801E95
8.477296745540218E94 , 1215.8556289716018 , 4.629804903659635E94
1.5364657218227883E95 , 1215.8556289716018 , 1.0575343118558873E95
9.378448884719668E94 , 1215.8556289716018 , 1.2730604139663648E95
1.7639353170736013E95 , 1215.8556289716018 , 1.2317268647945093E95
1.28384680970889E95 , 1215.8556289716018 , 9.098308668397621E94
1.7496887717295652E95 , 1215.8556289716018 , 1.5438450160997458E95
1.4268397380461422E95 , 1215.8556289716018 , 1.0568634354756398E95
1.0383265970048094E95 , 1215.8556289716018 , 6.804107100214602E94
2.5355919074703644E95 , 1215.8556289716018 , 1.7931316145936508E95
3.124876866961681E95 , 1215.8556289716018 , 8.576911912806668E94
7.012605265438237E94 , 1215.8556289716018 , 2.0118012914795666E95
3.8705502232639714E95 , 1215.8556289716018 , 1.7499958295955814E95
2.4369336932252758E95 , 1215.8556289716018 , 3.234378081057517E95
2.552655585549768E95 , 1215.8556289716018 , 1.2650940434511284E95
2.941375309001321E95 , 1215.8556289716018 , 2.3341550600879196E95
3.82260324607297E95 , 1215.8556289716018 , 1.2803513595176843E95
1.9921145041902826E95 , 1215.8556289716018 , 2.764089810363284E95
4.895071955674402E95 , 1215.8556289716018 , 2.1692659244512367E95
3.689778639458287E95 , 1215.8556289716018 , 2.701255320495814E95
4.4752369314423475E95 , 1215.8556289716018 , 2.659443971952896E95
3.6980350639379096E95 , 1215.8556289716018 , 3.5341746433885326E95
6.06553637821175E95 , 1215.8556289716018 , 3.1249772404287854E95
2.721183316095457E95 , 1215.8556289716018 , 4.510612588175236E95
7.324642702837465E95 , 1215.8556289716018 , 3.450297209692429E95
9.341070039657375E95 , 1215.8556289716018 , 5.851150218369173E95
1.2510566559852081E96 , 1215.8556289716018 , 9.63283505006364E95
5.486143961008375E95 , 1215.8556289716018 , 9.293540338464216E95
1.2928410311848735E96 , 1215.8556289716018 , 4.973484843086372E95
6.87028834781578E95 , 1215.8556289716018 , 1.0864378173576662E96
1.633833183872123E96 , 1215.8556289716018 , 5.240569829544108E95
1.7619958762821474E96 , 1215.8556289716018 , 1.3017176719675028E96
1.891389648811834E96 , 1215.8556289716018 , 6.887158790851466E95
9.400009078802954E95 , 1215.8556289716018 , 1.2240345520569224E96
2.1565943289450835E96 , 1215.8556289716018 , 9.837756703319641E95
3.52763530443276E96 , 1215.8556289716018 , 2.2439276658048454E96
3.4615159032183627E96 , 1215.8556289716018 , 1.1334556534078922E96
8.504816605470452E96 , 1215.8556289716018 , 5.291158700694113E96
3.846887148646136E96 , 1215.8556289716018 , 4.2295112243390206E96
6.197127578313801E96 , 1215.8556289716018 , 4.353556119601253E96
5.606899169980228E96 , 1215.8556289716018 , 1.939480652629873E96
4.0393531419341787E96 , 1215.8556289716018 , 4.983031119451476E96
3.2028484189198964E96 , 1215.8556289716018 , 2.3227150666418335E96
6.736315599807747E96 , 1215.8556289716018 , 4.675258014535565E96
3.076834866380901E96 , 1215.8556289716018 , 3.0025052329919644E96
7.498731110335884E96 , 1215.8556289716018 , 5.383562321379289E96
7.248035538982553E96 , 1215.8556289716018 , 1.5383900719890126E96
2.7176815588963165E96 , 1215.8556289716018 , 4.16873354864932E96
8.153721592919632E96 , 1215.8556289716018 , 5.344153521468249E96
4.2640871237692116E96 , 1215.8556289716018 , 5.90242368042946E96
9.269759165197081E96 , 1215.8556289716018 , 5.111130057039581E96
3.8735272872702294E96 , 1215.8556289716018 , 5.439475391901126E96
9.776026061672612E96 , 1215.8556289716018 , 7.00876036036114E96
4.855210164260723E96 , 1215.8556289716018 , 7.113706783289739E96
8.96908918113311E96 , 1215.8556289716018 , 5.515096257196125E96
6.488126017096924E96 , 1215.8556289716018 , 5.2498178039881645E96
8.850981112070427E96 , 1215.8556289716018 , 7.937443415708352E96
7.557008249696729E96 , 1215.8556289716018 , 4.1451379056921346E96
1.1086783994716539E97 , 1215.8556289716018 , 1.0468664383115705E97
1.511331868748783E97 , 1215.8556289716018 , 2.71885786104306E96
2.0262086927693173E97 , 1215.8556289716018 , 1.6422338493490749E97
1.035906562791898E97 , 1215.8556289716018 , 1.0198741570773156E97
2.2735871249085638E97 , 1215.8556289716018 , 1.431728108833517E97
2.602531183054477E97 , 1215.8556289716018 , 2.6067420740742615E97
1.7321321362644245E97 , 1215.8556289716018 , 2.175937596992027E97
2.401608388882231E97 , 1215.8556289716018 , 9.54376626478587E96
3.257294270605381E97 , 1215.8556289716018 , 2.4824681909577563E97
5.346416179618786E97 , 1215.8556289716018 , 2.9645960026343E97
3.403506322108241E97 , 1215.8556289716018 , 2.979814187033627E97
2.905042438751266E97 , 1215.8556289716018 , 1.7672791470738266E97
4.420287879870938E97 , 1215.8556289716018 , 4.134812319100868E97
5.0526380719820944E97 , 1215.8556289716018 , 9.963786564460304E96
6.283949469700174E97 , 1215.8556289716018 , 6.5442092992310046E97
6.698470601778635E97 , 1215.8556289716018 , 3.3149906553535888E97
6.320416209433677E97 , 1215.8556289716018 , 6.909987097546893E97
6.6877202886982155E97 , 1215.8556289716018 , 4.276513267715148E97
1.2705970009497357E98 , 1215.8556289716018 , 9.718019587268658E97
3.3737961156417097E97 , 1215.8556289716018 , 6.443761211332833E97
9.672574126196197E97 , 1215.8556289716018 , 6.7176579415258304E97
1.0892904007093154E98 , 1215.8556289716018 , 6.232853632771963E97
5.69883911021995E97 , 1215.8556289716018 , 4.426367869399875E97
1.3041925239698222E98 , 1215.8556289716018 , 1.0046508791891547E98
6.473699694868831E97 , 1215.8556289716018 , 9.040979479414016E97
1.0950243686883995E98 , 1215.8556289716018 , 8.595555419377157E97
1.1761337101477125E98 , 1215.8556289716018 , 4.957605337838098E97
8.125687896221789E97 , 1215.8556289716018 , 8.837465670365503E97
1.4991014119541495E98 , 1215.8556289716018 , 1.1646014644566632E98
1.3859969425429672E98 , 1215.8556289716018 , 1.0723124992561662E98
9.918552715218211E97 , 1215.8556289716018 , 1.2442509842798849E98
1.2350503769919532E98 , 1215.8556289716018 , 9.462632999419088E97
2.3181526923447882E98 , 1215.8556289716018 , 1.2545913147514388E98
1.2184594941169965E98 , 1215.8556289716018 , 1.5681597600989744E98
2.658962208219677E98 , 1215.8556289716018 , 1.3040213984948669E98
2.5060496566957263E98 , 1215.8556289716018 , 2.4485234241729705E98
2.575087467770924E98 , 1215.8556289716018 , 1.9513784425603132E98
3.837322241879756E98 , 1215.8556289716018 , 1.2461211244622701E98
5.78305644008962E98 , 1215.8556289716018 , 5.1670904124228717E98
6.017620147856959E98 , 1215.8556289716018 , 1.7813211330800072E98
4.868383394243371E98 , 1215.8556289716018 , 4.4737259306673164E98
6.741802262999795E98 , 1215.8556289716018 , 2.4910460685514904E98
3.570671123261959E98 , 1215.8556289716018 , 3.136405812015981E98
6.771881720590568E98 , 1215.8556289716018 , 4.463046196984241E98
8.102743304240588E98 , 1215.8556289716018 , 2.0093578104138692E98
1.1594045745908966E99 , 1215.8556289716018 , 1.0381998495120708E99
8.560387244848206E98 , 1215.8556289716018 , 4.129862351661639E98
1.4983862479590455E99 , 1215.8556289716018 , 1.2559297771843951E99
1.6727960192045844E99 , 1215.8556289716018 , 2.188680078559535E98
1.4408568861836018E99 , 1215.8556289716018 , 1.637715422729964E99
8.022153715890824E98 , 1215.8556289716018 , 4.7609383759817016E98
1.477414158444688E99 , 1215.8556289716018 , 1.1456166734766956E99
4.7471414002053796E98 , 1215.8556289716018 , 8.072493335807541E98
1.5343313073254412E99 , 1215.8556289716018 , 7.480995583102638E98
4.978794290606721E98 , 1215.8556289716018 , 1.0667476892067958E99
1.8829633753639548E99 , 1215.8556289716018 , 1.2419272344014245E99
1.8434515039984284E99 , 1215.8556289716018 , 8.388238605818047E98
2.789074321680108E98 , 1215.8556289716018 , 8.793938355351118E98
1.7718662414369638E99 , 1215.8556289716018 , 1.0803885847355458E99
1.235542797428954E99 , 1215.8556289716018 , 5.366395937706787E98
9.531012851494688E98 , 1215.8556289716018 , 8.168310636929177E98
1.2429883082180483E99 , 1215.8556289716018 , 6.022508023366339E98
1.5937780594361947E99 , 1215.8556289716018 , 8.220423047880668E98
1.860023425847765E99 , 1215.8556289716018 , 1.7897494707549845E99
3.326269800924105E99 , 1215.8556289716018 , 8.528168892696806E98
4.579848765020526E99 , 1215.8556289716018 , 4.076011614322631E99
8.252457909777119E99 , 1215.8556289716018 , 1.986506691783294E99
5.428666316752213E99 , 1215.8556289716018 , 7.084870895470778E99
9.186826142455012E99 , 1215.8556289716018 , 2.603372567863496E99
6.17623685815777E99 , 1215.8556289716018 , 7.937204087399064E99
4.37957260353473E99 , 1215.8556289716018 , 1.2912295929143285E99
7.644757164336695E99 , 1215.8556289716018 , 6.158443554842561E99
6.568274940173681E99 , 1215.8556289716018 , 9.567616020680063E98
8.287126480631203E99 , 1215.8556289716018 , 7.659800094403718E99
3.3883845707708853E99 , 1215.8556289716018 , 3.9671025638115413E99
6.847182149583261E99 , 1215.8556289716018 , 4.2667371917777244E99
7.842483184517508E99 , 1215.8556289716018 , 3.6408438570939366E99
3.4658464088193407E99 , 1215.8556289716018 , 2.8849902613630145E99
8.651841966026241E99 , 1215.8556289716018 , 6.075187407535427E99
1.0246838707586376E100 , 1215.8556289716018 , 1.5250403480892301E99
5.571656023136127E99 , 1215.8556289716018 , 6.231455382651872E99
8.749051553793371E99 , 1215.8556289716018 , 4.515398041607399E99
2.702733353188706E99 , 1215.8556289716018 , 4.2843493030928246E99
9.511212418374393E99 , 1215.8556289716018 , 5.666062994042265E99
1.0945492603903927E100 , 1215.8556289716018 , 4.747951595686934E99
9.431087594385207E99 , 1215.8556289716018 , 9.076672908006175E99
5.278950174300698E99 , 1215.8556289716018 , 5.572784991936355E99
9.599349311643448E99 , 1215.8556289716018 , 6.022007145853214E99
3.984222737240123E99 , 1215.8556289716018 , 6.644884635513275E99
9.006265074229806E99 , 1215.8556289716018 , 5.156094963264729E99
6.579858170933435E99 , 1215.8556289716018 , 8.011278902772951E99
1.4713559188418812E100 , 1215.8556289716018 , 8.439403652566283E99
8.5958209040066705E99 , 1215.8556289716018 , 6.636053698453447E99
1.4646482607830397E100 , 1215.8556289716018 , 6.451037353696936E99
1.2288699087822132E100 , 1215.8556289716018 , 1.4451153512960197E100
2.3065835490367784E100 , 1215.8556289716018 , 6.401371839531797E99
1.922771815173092E100 , 1215.8556289716018 , 2.1992534370878297E100
1.0767333342506752E100 , 1215.8556289716018 , 1.476679640559944E100
2.1148700075116358E100 , 1215.8556289716018 , 1.1721761891855323E100
3.55197139347968E100 , 1215.8556289716018 , 2.4535534390558998E100
3.593775262282646E100 , 1215.8556289716018 , 5.951070380590277E99
2.8130296158539507E100 , 1215.8556289716018 , 3.1766619521096824E100
5.651658246511148E100 , 1215.8556289716018 , 1.8539061517246148E100
4.593021605818247E100 , 1215.8556289716018 , 5.38647563643213E100
3.952707298768337E100 , 1215.8556289716018 , 6.569187901921665E99
2.624711255934134E100 , 1215.8556289716018 , 2.1219086802018268E100
3.268501060939098E100 , 1215.8556289716018 , 2.8902383087932825E100
3.0015879117484927E100 , 1215.8556289716018 , 3.2660764308208803E100
6.150973784344552E100 , 1215.8556289716018 , 3.131167290060484E100
6.507380238139195E100 , 1215.8556289716018 , 6.451377719540106E100
9.199271485602503E100 , 1215.8556289716018 , 2.6421248826538553E100
1.3629129169912815E101 , 1215.8556289716018 , 1.1969635715262103E101
1.1676240910797194E101 , 1215.8556289716018 , 1.744486487725035E100
2.0926339026306465E101 , 1215.8556289716018 , 1.6604535383666284E101
2.9797920535556093E100 , 1215.8556289716018 , 1.0375236807355654E101
1.8892941217685176E101 , 1215.8556289716018 , 1.1150032610472772E101
1.3009833038979164E101 , 1215.8556289716018 , 1.617050182330307E101
1.54027816650807E101 , 1215.8556289716018 , 3.4854695465871268E100
2.861762495058336E101 , 1215.8556289716018 , 2.2028066629494062E101
4.764190498647669E101 , 1215.8556289716018 , 1.2053437616439495E101
7.706544702892142E100 , 1215.8556289716018 , 2.9128536060472846E101
4.652339385322429E101 , 1215.8556289716018 , 2.1196560915571383E101
6.932136222270591E101 , 1215.8556289716018 , 5.989829385607022E101
1.0441981323791738E102 , 1215.8556289716018 , 1.9635169396982413E101
4.015746520316688E101 , 1215.8556289716018 , 3.533953307275048E101
9.670321777973302E101 , 1215.8556289716018 , 7.054926107749608E101
7.052543584259108E101 , 1215.8556289716018 , 8.669059681660158E101
2.0771270253267892E102 , 1215.8556289716018 , 7.280127805786134E101
1.0805591950263361E102 , 1215.8556289716018 , 1.6352140710826422E102
3.2863865874555536E102 , 1215.8556289716018 , 1.1836764673924786E102
3.728067806223819E102 , 1215.8556289716018 , 3.6207902134923803E102
5.261017817088381E102 , 1215.8556289716018 , 8.408619578923463E101
6.288111014829148E102 , 1215.8556289716018 , 5.937929208339793E102
6.004056706836501E102 , 1215.8556289716018 , 2.1853295301469647E101
4.3951910347598945E102 , 1215.8556289716018 , 5.343327456448579E102
1.1434500533441983E103 , 1215.8556289716018 , 3.764108280084015E102
2.0076611926781484E102 , 1215.8556289716018 , 6.847722277080941E102
1.0724052383847858E103 , 1215.8556289716018 , 4.589663676762249E102
1.2030477969664556E103 , 1215.8556289716018 , 7.922228992415608E101
9.95980827506924E102 , 1215.8556289716018 , 1.136234710335249E103
1.0677596770851527E103 , 1215.8556289716018 , 4.005274308960665E101
2.657359778706391E102 , 1215.8556289716018 , 6.827434458707522E102
1.4157786000935868E103 , 1215.8556289716018 , 6.056405006107765E102
2.60813441900021E103 , 1215.8556289716018 , 2.0799643968661593E103
8.039494989550949E102 , 1215.8556289716018 , 9.43478823696478E102
1.7537747989627725E103 , 1215.8556289716018 , 1.3145631886742655E103
2.566915920022108E103 , 1215.8556289716018 , 4.417054982597154E102
6.954839325001108E102 , 1215.8556289716018 , 1.6776780869073932E103
1.9428522868182495E103 , 1215.8556289716018 , 6.821941004231693E102
1.571639682453293E102 , 1215.8556289716018 , 9.513628974027294E102
1.961081582733201E103 , 1215.8556289716018 , 1.0894842236706522E103
7.486905554900853E102 , 1215.8556289716018 , 6.60278499682705E102
1.8700194451563696E103 , 1215.8556289716018 , 1.345068389417575E103
1.5723931225614451E103 , 1215.8556289716018 , 1.9286841029037863E102
2.1891887115617304E103 , 1215.8556289716018 , 1.9291374795733047E103
2.7539019883237087E102 , 1215.8556289716018 , 1.0271545985177921E103
2.3489375651636185E103 , 1215.8556289716018 , 1.3581646778558907E103
1.0941577900624275E103 , 1215.8556289716018 , 6.956214947494362E102
3.667670025544385E103 , 1215.8556289716018 , 2.4820006134183066E103
5.177327525846551E103 , 1215.8556289716018 , 8.107326306805695E102
4.013721810967588E103 , 1215.8556289716018 , 4.75871197919046E103
8.876638240614167E103 , 1215.8556289716018 , 2.5482612129939476E103
5.128667128542295E103 , 1215.8556289716018 , 7.252348210616977E103
3.2624967075381426E103 , 1215.8556289716018 , 1.0646427958721966E103
7.1075399697962E103 , 1215.8556289716018 , 5.351633381634473E103
1.3268416387637152E103 , 1215.8556289716018 , 3.1490312791209576E103
7.840917644377395E103 , 1215.8556289716018 , 4.750189828206862E103
6.026292259866369E103 , 1215.8556289716018 , 1.1851846538843094E103
7.838515817669411E103 , 1215.8556289716018 , 7.128697611163116E103
1.7129708064759232E104 , 1215.8556289716018 , 4.901018192897237E103
1.8804274249220058E104 , 1215.8556289716018 , 1.1551645705516098E103
8.447380391401233E103 , 1215.8556289716018 , 1.4093446648358927E104
1.9401517637039476E104 , 1215.8556289716018 , 5.813456153896169E103
1.1849598806256826E104 , 1215.8556289716018 , 4.237612009135058E103
9.24546014845455E103 , 1215.8556289716018 , 1.0782888186223035E104
2.7794984299821613E104 , 1215.8556289716018 , 9.837153076413737E103
3.9499124606783504E104 , 1215.8556289716018 , 3.4715992086286967E104
2.773384657404769E104 , 1215.8556289716018 , 6.3631066025644296E103
1.8824856098777772E104 , 1215.8556289716018 , 2.3937170223403454E104
3.5376449622379533E102 , 1215.8556289716018 , 9.827000880271223E103
1.8939500797568084E104 , 1215.8556289716018 , 9.845875271974008E103
7.453539831354285E103 , 1215.8556289716018 , 1.3625811557696826E104
1.6658952136747544E104 , 1215.8556289716018 , 4.9355874990531804E103
2.7430564674796015E103 , 1215.8556289716018 , 1.006518052228178E104
1.722149185516221E104 , 1215.8556289716018 , 7.666156392336056E103
1.629403138500687E104 , 1215.8556289716018 , 8.204171105935461E102
1.4718872445359147E104 , 1215.8556289716018 , 1.5889153429827602E104
1.4320529719864154E104 , 1215.8556289716018 , 7.870391737172279E102
6.089846367117645E103 , 1215.8556289716018 , 1.0368187947972718E104
1.913197627568768E104 , 1215.8556289716018 , 7.71623653202803E103
8.703353697116162E103 , 1215.8556289716018 , 6.182695654251777E103
2.0804277040249496E104 , 1215.8556289716018 , 1.5092215625594762E104
4.50638536109562E104 , 1215.8556289716018 , 1.417622069506743E104
6.413768163743008E104 , 1215.8556289716018 , 5.646330997492372E104
3.4005481582837377E104 , 1215.8556289716018 , 5.218308980240138E104
8.976765252922453E104 , 1215.8556289716018 , 3.3973702034675574E104
6.423322732155381E103 , 1215.8556289716018 , 4.72882402538216E104
8.957890148089355E104 , 1215.8556289716018 , 5.046347711452159E104
7.812941740980765E104 , 1215.8556289716018 , 7.76000642709291E103
1.2808758631539663E105 , 1215.8556289716018 , 1.088632838910896E105
4.123686673157607E104 , 1215.8556289716018 , 4.8522944594368274E104
7.635283898433535E104 , 1215.8556289716018 , 6.199865396438786E104
1.7716626984952616E104 , 1215.8556289716018 , 4.9325283410671524E104
6.314712533947507E104 , 1215.8556289716018 , 2.7824585560518346E104
7.422608506368166E104 , 1215.8556289716018 , 6.699335697179367E104
1.0964152676097621E105 , 1215.8556289716018 , 2.925365767742151E104
3.8062390912002344E104 , 1215.8556289716018 , 7.991428912909204E104
8.000048903526002E104 , 1215.8556289716018 , 2.528526145645527E104
1.3554376062531884E105 , 1215.8556289716018 , 1.112533913660749E105
9.403555848874214E104 , 1215.8556289716018 , 2.728837265691137E104
2.0243240009861584E105 , 1215.8556289716018 , 1.5318305924046518E105
1.1454850111109339E105 , 1215.8556289716018 , 5.889649859761911E104
1.9797369747004727E105 , 1215.8556289716018 , 1.6013355254739688E105
5.302965973670746E104 , 1215.8556289716018 , 1.1766639086215E105
2.0785167953094083E105 , 1215.8556289716018 , 1.1035780725997367E105
4.600130664325421E104 , 1215.8556289716018 , 1.0921332481052415E105
1.9486789266765647E105 , 1215.8556289716018 , 1.1714601641082857E105
2.887439344835716E105 , 1215.8556289716018 , 6.71830863568073E104
5.14562670898288E105 , 1215.8556289716018 , 4.1596712082102837E105
2.945654374707949E105 , 1215.8556289716018 , 1.448437631661946E105
2.3822766630147513E105 , 1215.8556289716018 , 2.889304009461775E105
2.11341373390498E105 , 1215.8556289716018 , 7.28010055225083E104
3.677072877418614E105 , 1215.8556289716018 , 2.733986414340814E105
4.4456854378537176E105 , 1215.8556289716018 , 4.40587001551053E105
3.7264203265495335E105 , 1215.8556289716018 , 1.2170888813153133E105
2.85272010534054E105 , 1215.8556289716018 , 2.688298823610225E105
2.786181738955134E105 , 1215.8556289716018 , 1.3642685734627584E105
3.798088403318422E105 , 1215.8556289716018 , 2.754734079167556E105
3.132939017069383E105 , 1215.8556289716018 , 3.9131630579802813E105
3.5058596029576277E105 , 1215.8556289716018 , 3.115847348150594E105
3.5976034888774715E105 , 1215.8556289716018 , 2.779352155691687E105
4.0701705177241104E105 , 1215.8556289716018 , 2.7591225657110744E105
2.888973024378812E105 , 1215.8556289716018 , 2.6175426321992823E105
3.2573496024846877E105 , 1215.8556289716018 , 1.760247261216754E105
2.1182627572372725E105 , 1215.8556289716018 , 2.4179269014349285E105
4.1213626961385193E105 , 1215.8556289716018 , 3.4768099928318077E105
2.4879383919785264E105 , 1215.8556289716018 , 1.9531847571167485E105
4.131784624604847E105 , 1215.8556289716018 , 2.0216790898677323E105
4.567779324281377E105 , 1215.8556289716018 , 4.922911145526998E105
7.524732729457663E105 , 1215.8556289716018 , 4.660354042902261E105
1.7680357834541672E105 , 1215.8556289716018 , 4.683794431211779E105
8.522682008482834E105 , 1215.8556289716018 , 4.960609155638287E105
6.767865613122062E105 , 1215.8556289716018 , 8.430706558221966E105
1.5081627220324437E106 , 1215.8556289716018 , 5.491722835332022E105
6.663063373518623E105 , 1215.8556289716018 , 9.386825387000173E105
1.4490006863428812E106 , 1215.8556289716018 , 7.725158667635294E105
1.4543624472976783E106 , 1215.8556289716018 , 5.366234679019663E105
2.781307832548803E106 , 1215.8556289716018 , 2.043087683210936E106
1.9714520681429724E106 , 1215.8556289716018 , 7.626209391615567E105
9.490794460093114E105 , 1215.8556289716018 , 1.2138339716538977E106
2.160963250269753E106 , 1215.8556289716018 , 1.4561749190000796E106
7.609582913269914E105 , 1215.8556289716018 , 1.394198052946931E106
2.3005557643332296E106 , 1215.8556289716018 , 1.2066202308586136E106
2.5808851161136053E106 , 1215.8556289716018 , 9.158121469105035E105
1.56013726651764E106 , 1215.8556289716018 , 2.044765389941865E106
2.185267484128564E106 , 1215.8556289716018 , 7.499069282905964E105
1.672384993933505E106 , 1215.8556289716018 , 1.9202945022327533E106
2.4920641943531715E106 , 1215.8556289716018 , 6.216122927177094E105
2.6350571904062917E106 , 1215.8556289716018 , 2.700910402291908E106
1.8089766524453035E106 , 1215.8556289716018 , 9.503540796776428E105
3.831788071684424E106 , 1215.8556289716018 , 2.9676637362422297E106
3.2941002737077826E106 , 1215.8556289716018 , 1.5073454594962309E106
4.502937139376522E106 , 1215.8556289716018 , 3.726435661401367E106
7.1582810655821086E106 , 1215.8556289716018 , 3.0895148261780775E106
4.01695664741286E106 , 1215.8556289716018 , 5.527075013910033E106
7.639440385889688E106 , 1215.8556289716018 , 3.1631703297594743E106
1.038482922043581E107 , 1215.8556289716018 , 3.5504151824370688E106
5.272364820937686E106 , 1215.8556289716018 , 6.593728312814246E106
1.102559615530389E107 , 1215.8556289716018 , 5.079322856076239E106
8.261221484789893E106 , 1215.8556289716018 , 1.0046026190367574E107
1.024042234379672E107 , 1215.8556289716018 , 5.099224311755568E106
9.34429543378314E106 , 1215.8556289716018 , 8.24997313240152E106
1.1406973793921116E107 , 1215.8556289716018 , 5.208321997598338E106
1.7496552363605737E107 , 1215.8556289716018 , 8.787525090405588E106
1.5654744006945355E107 , 1215.8556289716018 , 6.8441086430309966E106
3.07219782897044E107 , 1215.8556289716018 , 1.5693580349554192E107
2.177139536096307E107 , 1215.8556289716018 , 2.5772652325499446E107
4.04851921152166E107 , 1215.8556289716018 , 1.6230208641083968E107
5.7492180859706346E107 , 1215.8556289716018 , 5.057298593028235E107
9.262441812333347E107 , 1215.8556289716018 , 1.9145195415350833E107
1.5335464830878678E108 , 1215.8556289716018 , 1.2091806892305206E108
5.755432288131715E107 , 1215.8556289716018 , 1.0939344500080244E108
1.8429245171145058E108 , 1215.8556289716018 , 6.859021553749337E107
1.8355804414038795E108 , 1215.8556289716018 , 1.9006499475355594E108
1.6124998605360033E108 , 1215.8556289716018 , 4.130589520333508E107
2.1325116493075928E108 , 1215.8556289716018 , 1.5082334015221518E108
1.7234272756680717E108 , 1215.8556289716018 , 1.953247715527274E108
2.4336522846755813E108 , 1215.8556289716018 , 1.0824885220552409E108
1.7776628398205302E108 , 1215.8556289716018 , 9.986459910978459E107
2.652172500992586E108 , 1215.8556289716018 , 2.2863140380027958E108
3.1658410802114167E108 , 1215.8556289716018 , 5.767261386026384E107
4.0652001948998203E108 , 1215.8556289716018 , 3.7383810186486037E108
4.644389147258219E108 , 1215.8556289716018 , 9.627123925880396E107
7.259388905244615E108 , 1215.8556289716018 , 5.794702641151248E108
5.026828047242216E108 , 1215.8556289716018 , 1.6474156594470586E108
5.430793544934704E108 , 1215.8556289716018 , 5.182363115506091E108
5.451081307197866E108 , 1215.8556289716018 , 1.499927165028825E108
7.683029490559192E108 , 1215.8556289716018 , 5.395152209251858E108
6.448312977161322E108 , 1215.8556289716018 , 4.523044684342952E108
1.0485601371147431E109 , 1215.8556289716018 , 7.106557056373008E108
5.301408457792482E108 , 1215.8556289716018 , 6.482790066898045E108
7.662176825843546E108 , 1215.8556289716018 , 4.824821429499172E108
8.786519717273604E108 , 1215.8556289716018 , 4.044983910253193E108
1.0074611053994202E109 , 1215.8556289716018 , 7.097490443075514E108
8.699972816556113E108 , 1215.8556289716018 , 7.637469727198449E108
1.6683441757991537E109 , 1215.8556289716018 , 8.755784582890425E108
2.0892560237741234E109 , 1215.8556289716018 , 1.7415664301938678E109
6.391320857752502E108 , 1215.8556289716018 , 1.167798135662119E109
2.0183787705960204E109 , 1215.8556289716018 , 1.2098785247940807E109
1.2441645121678743E109 , 1215.8556289716018 , 9.70047129839542E108
2.3965477050323793E109 , 1215.8556289716018 , 1.6833577766082025E109
1.6067062771007262E109 , 1215.8556289716018 , 1.4398573985257625E109
3.3106511396337593E109 , 1215.8556289716018 , 2.1223572825303967E109
1.1230313107775714E109 , 1215.8556289716018 , 1.9152271091064947E109
3.062095290197137E109 , 1215.8556289716018 , 1.4528832584545891E109
8.694988563905163E108 , 1215.8556289716018 , 1.412794136266124E109
3.445328769146317E109 , 1215.8556289716018 , 2.2152886641667953E109
1.7335151146759992E109 , 1215.8556289716018 , 1.27232709294098E109
2.9399937242707123E109 , 1215.8556289716018 , 2.401874406705273E109
3.075977232638547E109 , 1215.8556289716018 , 1.2092827323779412E109
6.0379579471365656E109 , 1215.8556289716018 , 4.437472773601504E109
4.51697617520306E109 , 1215.8556289716018 , 4.509549450113181E109
8.454205162309466E109 , 1215.8556289716018 , 3.854397045471638E109
1.2820666229918224E110 , 1215.8556289716018 , 8.458571148255994E109
2.2819067749598037E109 , 1215.8556289716018 , 7.03398093605386E109
1.2223143253363884E110 , 1215.8556289716018 , 6.730811189973534E109
1.0684877470775794E110 , 1215.8556289716018 , 6.649416199736147E109
1.7962382692133876E110 , 1215.8556289716018 , 1.2744956234492293E110
1.7573162404282583E110 , 1215.8556289716018 , 6.844432498116443E109
3.136222722264556E110 , 1215.8556289716018 , 2.0340058761307062E110
1.1106204302323644E110 , 1215.8556289716018 , 2.1564548970374138E110
2.960532366209553E110 , 1215.8556289716018 , 1.0865725528576127E110
4.311782747483724E110 , 1215.8556289716018 , 3.297299446127881E110
4.197463020093718E110 , 1215.8556289716018 , 1.0634334246159456E110
4.0758693304601954E110 , 1215.8556289716018 , 3.380902041612197E110
3.327934355522823E110 , 1215.8556289716018 , 1.4361903830215085E110
4.9463401088376784E110 , 1215.8556289716018 , 3.588434059784591E110
9.517197877320199E110 , 1215.8556289716018 , 3.952867265460485E110
6.859045761259752E110 , 1215.8556289716018 , 3.7092178664292476E110
1.4519650706837455E111 , 1215.8556289716018 , 1.0523966823535178E111
2.4486269770264442E110 , 1215.8556289716018 , 6.45393738310553E110
1.4649508154001304E111 , 1215.8556289716018 , 8.83230843084553E110
6.145586650208815E110 , 1215.8556289716018 , 6.157564119363387E110
2.0292901591546724E111 , 1215.8556289716018 , 1.2420291690639119E111
2.60144603497747E111 , 1215.8556289716018 , 4.59727508376209E110
5.069407303683173E111 , 1215.8556289716018 , 3.927706903923288E111
1.8521779314989913E111 , 1215.8556289716018 , 1.725812177914049E111
5.25200253731157E111 , 1215.8556289716018 , 3.6736957317051105E111
2.827753900458916E111 , 1215.8556289716018 , 1.4247175755925383E111
2.3702407327257151E111 , 1215.8556289716018 , 2.6883630476805194E111
7.636506203993799E110 , 1215.8556289716018 , 1.1428942310262406E111
2.5645633466408085E111 , 1215.8556289716018 , 1.4554362472940493E111
1.3697580546137175E111 , 1215.8556289716018 , 8.88747482756433E110
2.66454270840227E111 , 1215.8556289716018 , 2.084524109369998E111
1.7124775944735558E111 , 1215.8556289716018 , 5.991400290814292E110
2.286143413539571E111 , 1215.8556289716018 , 2.0571648077530159E111
1.383671746879976E111 , 1215.8556289716018 , 6.386093776084004E110
2.7598722668848023E111 , 1215.8556289716018 , 1.9753291651506485E111
1.783739504980639E111 , 1215.8556289716018 , 8.441923025278676E110
2.4966036063371074E111 , 1215.8556289716018 , 2.0518768713954235E111
3.6609757742694656E111 , 1215.8556289716018 , 2.179576377983279E111
1.5225229931135845E111 , 1215.8556289716018 , 2.588109641494103E111
4.3429343330501874E111 , 1215.8556289716018 , 2.158539393249146E111
2.2729937319770102E111 , 1215.8556289716018 , 1.6006257383279657E111
3.3788072594118453E111 , 1215.8556289716018 , 2.716911188614661E111
3.730771431555634E111 , 1215.8556289716018 , 1.5452118847795188E111
4.0864938670237874E111 , 1215.8556289716018 , 3.753032480548302E111
5.042762153759172E111 , 1215.8556289716018 , 1.8191186668612968E111
3.5540214327707546E111 , 1215.8556289716018 , 3.8433780705934244E111
5.773861316839668E111 , 1215.8556289716018 , 2.0449283391950625E111
9.867631702592945E111 , 1215.8556289716018 , 8.087882952087371E111
1.3975881511639E112 , 1215.8556289716018 , 4.874760969891897E111
7.253157671035565E111 , 1215.8556289716018 , 1.0974834609380428E112
2.037714167108057E112 , 1215.8556289716018 , 8.112933899943619E111
2.3499513764148763E112 , 1215.8556289716018 , 2.223260795238577E112
1.3624521496276295E112 , 1215.8556289716018 , 1.6595809449671988E112
2.8073757611073077E112 , 1215.8556289716018 , 1.0163720159049495E112
4.420851116076229E112 , 1215.8556289716018 , 3.7371891056007457E112
1.9717977911498956E112 , 1215.8556289716018 , 3.179594118356255E112
3.414112294409237E112 , 1215.8556289716018 , 1.0552047977775153E112
3.506172008548198E112 , 1215.8556289716018 , 3.3965420853937707E112
3.0952880078138556E112 , 1215.8556289716018 , 4.0365740237627723E111
1.1676687304920148E112 , 1215.8556289716018 , 2.2028817787579575E112
2.874955844399636E112 , 1215.8556289716018 , 9.296311612898047E111
2.9809661090673865E112 , 1215.8556289716018 , 2.865235074924946E112
9.470505974164261E111 , 1215.8556289716018 , 1.410699561268974E112
3.3761555614649523E112 , 1215.8556289716018 , 1.8312822036381517E112
4.697708472931717E112 , 1215.8556289716018 , 1.430351884859567E112
1.5772728785330389E112 , 1215.8556289716018 , 2.004689125001926E112
5.697942627249847E112 , 1215.8556289716018 , 3.570278524618271E112
3.990418888775016E112 , 1215.8556289716018 , 1.840637255443215E112
1.176055429361798E112 , 1215.8556289716018 , 2.1479482896864805E112
4.144653039061164E112 , 1215.8556289716018 , 2.182087437588368E112
2.7208670356142795E112 , 1215.8556289716018 , 1.0541838919751033E112
4.857609480950147E112 , 1215.8556289716018 , 3.609917528969179E112
1.2877269943048345E112 , 1215.8556289716018 , 2.344253940892023E112
5.7434686544526595E112 , 1215.8556289716018 , 3.262553791007151E112
6.762474442379765E112 , 1215.8556289716018 , 4.85543078393609E112
1.124780077733505E113 , 1215.8556289716018 , 5.28558244805693E112
1.6585750814961678E113 , 1215.8556289716018 , 1.2101121509363398E113
1.6048244774462588E113 , 1215.8556289716018 , 1.7269967839776367E112
1.4181853503483524E113 , 1215.8556289716018 , 1.5274633546063738E113
5.4816436480391885E112 , 1215.8556289716018 , 4.563967099241689E112
1.617100212700101E113 , 1215.8556289716018 , 1.1200643969800574E113
1.5123922824814058E113 , 1215.8556289716018 , 1.572569354030849E113
3.005908178707177E112 , 1215.8556289716018 , 8.642070706998476E112
1.5758287615209552E113 , 1215.8556289716018 , 7.484395987591595E112
1.3064240837518559E113 , 1215.8556289716018 , 1.4513556037256357E113
3.3183916516673217E113 , 1215.8556289716018 , 1.0944428245198253E113
3.489310191240734E113 , 1215.8556289716018 , 3.4185106857789285E113
5.774561675022348E112 , 1215.8556289716018 , 1.8645335860706363E113
3.694392968820888E113 , 1215.8556289716018 , 1.670542052853388E113
4.831020317511019E113 , 1215.8556289716018 , 4.0997272122732984E113
7.396770660524081E113 , 1215.8556289716018 , 1.614068914371842E113
7.877609077607332E113 , 1215.8556289716018 , 7.514225590056691E113
2.014964122666493E114 , 1215.8556289716018 , 7.403374669498167E113
1.6204105676384843E114 , 1215.8556289716018 , 1.853763233842391E114
2.883123254115295E114 , 1215.8556289716018 , 6.919549316467997E113
2.052652601539234E114 , 1215.8556289716018 , 2.5189387152427496E114
2.588066278839225E114 , 1215.8556289716018 , 3.5768253619945795E113
1.5412996794769825E114 , 1215.8556289716018 , 8.69407654871005E113
2.1246149609467096E114 , 1215.8556289716018 , 1.7731548623284714E114
5.7043129860292676E113 , 1215.8556289716018 , 1.1762281219736902E114
2.1478324989738292E114 , 1215.8556289716018 , 1.315045532192857E114
2.678581900639178E114 , 1215.8556289716018 , 5.1808581423361366E113
4.400153691893185E114 , 1215.8556289716018 , 3.363055084313021E114
2.1868195641836746E114 , 1215.8556289716018 , 1.5167899541662182E114
4.4560879573531985E114 , 1215.8556289716018 , 3.2022943581483535E114
3.281077629983953E114 , 1215.8556289716018 , 1.200621373232902E114
5.691869520906315E114 , 1215.8556289716018 , 4.309489625423151E114
3.0052214632975077E114 , 1215.8556289716018 , 1.790882988253047E114
5.573714175915028E114 , 1215.8556289716018 , 4.073551638552982E114
6.981308450274355E114 , 1215.8556289716018 , 9.686224393199674E113
2.4820179714216706E114 , 1215.8556289716018 , 4.6361521026589946E114
6.729046600074485E114 , 1215.8556289716018 , 2.7023659763936197E114
7.773859358540577E114 , 1215.8556289716018 , 1.2892272415919197E114
8.194400559596219E114 , 1215.8556289716018 , 7.903858971579745E114
1.342372324995787E114 , 1215.8556289716018 , 4.368313758119529E114
8.210898388632603E114 , 1215.8556289716018 , 4.285526362322442E114
3.7108009700752513E114 , 1215.8556289716018 , 3.554236369700258E114
7.923841329127224E114 , 1215.8556289716018 , 5.761400997015705E114
1.5277647933133934E115 , 1215.8556289716018 , 3.902727391916969E114
3.3307015428062034E115 , 1215.8556289716018 , 2.505927088621232E115
1.0035297220873556E115 , 1215.8556289716018 , 1.2279913469299486E115
3.749768499645077E115 , 1215.8556289716018 , 2.4566888411206023E115
1.0254022387270511E115 , 1215.8556289716018 , 2.376610585095941E115
3.786165214115808E115 , 1215.8556289716018 , 1.4404933332092316E115
4.011288358787025E114 , 1215.8556289716018 , 2.1596519622885164E115
4.0879437752214335E115 , 1215.8556289716018 , 1.9181004884885994E115
1.7711363407005728E115 , 1215.8556289716018 , 3.021037916151148E115
6.216327639546585E115 , 1215.8556289716018 , 2.312900301005422E115
6.387472879491081E115 , 1215.8556289716018 , 6.143674453752028E114
9.927577819812561E115 , 1215.8556289716018 , 8.431253442325108E115
1.0309115151232057E116 , 1215.8556289716018 , 3.4608103319096773E114
5.024922211445384E115 , 1215.8556289716018 , 7.6493135237015595E115
1.5951422777942512E116 , 1215.8556289716018 , 6.029454032443578E115
1.385702930048139E115 , 1215.8556289716018 , 8.945118836799286E115
1.6954994142852207E116 , 1215.8556289716018 , 8.287545693023563E115
2.764565420024005E115 , 1215.8556289716018 , 9.632177474705202E115
1.8351196170145377E116 , 1215.8556289716018 , 8.845221018887453E115
1.1607819748578716E116 , 1215.8556289716018 , 5.700156129716955E115
1.792254722159267E116 , 1215.8556289716018 , 1.430312956785805E116
1.429004173288335E116 , 1215.8556289716018 , 1.6642444964517253E116
2.2268744295018753E116 , 1215.8556289716018 , 5.887527136932721E115
3.880919285111154E116 , 1215.8556289716018 , 3.1541530864165054E116
7.486851789158102E115 , 1215.8556289716018 , 2.3940405789070016E116
3.482496574752373E116 , 1215.8556289716018 , 1.4251166568896724E116
3.260508844788327E116 , 1215.8556289716018 , 2.1605643346050965E115
5.121970311758398E116 , 1215.8556289716018 , 4.252400786172703E116
4.6430411019997634E116 , 1215.8556289716018 , 2.9747750898252507E115
7.878530169724114E115 , 1215.8556289716018 , 2.7637116516601746E116
4.280556679083659E116 , 1215.8556289716018 , 1.8805480252345614E116
4.1841107821070196E116 , 1215.8556289716018 , 4.258612664514014E116
3.541479317164296E116 , 1215.8556289716018 , 6.843096386019135E115
3.8635400751802E116 , 1215.8556289716018 , 3.703324740851675E116
2.4956892626944832E116 , 1215.8556289716018 , 1.007746240480711E116
6.540005705247549E116 , 1215.8556289716018 , 4.383415049384279E116
4.975696457957993E116 , 1215.8556289716018 , 5.913082185495734E116
1.1279707320293102E117 , 1215.8556289716018 , 3.309079771518647E116
1.1819782444139291E117 , 1215.8556289716018 , 4.348591997969721E115
3.8823275700376296E116 , 1215.8556289716018 , 4.8061082919733716E116
1.7496476442747607E117 , 1215.8556289716018 , 1.0411697832929708E117
5.941346309231113E116 , 1215.8556289716018 , 1.2113088629145295E117
1.931374607551559E117 , 1215.8556289716018 , 8.020616539646989E116
1.6435137493368512E117 , 1215.8556289716018 , 1.766042663821835E117
4.6453042191000604E117 , 1215.8556289716018 , 1.6360899689948837E117
6.946434508645272E117 , 1215.8556289716018 , 5.836229059624377E117
8.233630733419666E117 , 1215.8556289716018 , 8.956392318712339E116
3.203902497346474E116 , 1215.8556289716018 , 4.352243486921703E117
8.451535181640591E117 , 1215.8556289716018 , 4.387684715105343E117
4.3780130380267845E117 , 1215.8556289716018 , 6.634378067875777E117
4.3278669856104174E117 , 1215.8556289716018 , 1.3847650547574802E116
2.102556270421626E117 , 1215.8556289716018 , 3.3228048925761987E117
6.517389190238043E117 , 1215.8556289716018 , 2.2869588121806938E117
3.4789135996551546E117 , 1215.8556289716018 , 1.597126255324648E117
4.906964837384808E117 , 1215.8556289716018 , 4.3140009418512645E117
5.138976958013372E117 , 1215.8556289716018 , 2.806783611566997E116
5.51122809641451E117 , 1215.8556289716018 , 5.461016716213755E117
2.396338410454929E117 , 1215.8556289716018 , 1.6928105061052597E117
3.427861645517949E117 , 1215.8556289716018 , 2.9473505426005114E117
2.8003618114130537E117 , 1215.8556289716018 , 3.1335260647150883E117
4.61150175910297E117 , 1215.8556289716018 , 1.0249492645490675E117
6.528033305089728E116 , 1215.8556289716018 , 2.5759693573936745E117
4.5830356348280133E117 , 1215.8556289716018 , 2.214046720781253E117
2.342653868465373E117 , 1215.8556289716018 , 1.564195320882289E117
3.324544504306994E117 , 1215.8556289716018 , 2.8153696804677126E117
1.8631571800319524E117 , 1215.8556289716018 , 1.0189451825609015E117
2.2380188536677955E117 , 1215.8556289716018 , 1.8616234560927524E117
3.597135723430307E117 , 1215.8556289716018 , 1.495514429059884E117
1.5535930908636975E117 , 1215.8556289716018 , 2.4965729199112303E117
4.242624374288611E117 , 1215.8556289716018 , 1.9969376547929535E117
2.1559103556714512E117 , 1215.8556289716018 , 1.9902220932221863E117
5.282321732146755E117 , 1215.8556289716018 , 3.138589221637633E117
7.305782224034357E117 , 1215.8556289716018 , 6.158988637806856E117
3.4209881728819844E117 , 1215.8556289716018 , 2.535026897592088E117
9.911215644971673E117 , 1215.8556289716018 , 6.813102526699462E117
4.2129948982850524E117 , 1215.8556289716018 , 3.652835151434132E117
7.616784667361409E117 , 1215.8556289716018 , 5.814764017778827E117
3.8394714829268354E117 , 1215.8556289716018 , 2.3061830493172064E117
7.763131242078915E117 , 1215.8556289716018 , 5.650207127249585E117
1.0001344579330313E118 , 1215.8556289716018 , 3.035593645154464E117
1.2538454582533487E118 , 1215.8556289716018 , 1.1625955824889957E118
1.0422758989254566E118 , 1215.8556289716018 , 4.2511149053452455E117
1.05275819489562E118 , 1215.8556289716018 , 1.0690375989271894E118
1.4676137506282263E118 , 1215.8556289716018 , 1.231074478852739E118
1.5678536274475626E118 , 1215.8556289716018 , 8.264765214960373E117
1.9756133069753985E118 , 1215.8556289716018 , 1.4283023702081893E118
1.9538675337329295E118 , 1215.8556289716018 , 2.3542496725865352E117
1.0465586781876906E118 , 1215.8556289716018 , 1.2793475986002964E118
2.079184448458234E118 , 1215.8556289716018 , 1.3882016150315038E118
8.036778061498415E117 , 1215.8556289716018 , 6.824348981868555E117
1.8225451228703177E118 , 1215.8556289716018 , 1.1583804235466293E118
1.0056822273131251E118 , 1215.8556289716018 , 1.0484102898767303E118
2.0424696138406865E118 , 1215.8556289716018 , 1.0623227389679304E118
2.3874534248562594E118 , 1215.8556289716018 , 4.023599131989118E117
4.565343202414088E118 , 1215.8556289716018 , 3.3803009606063573E118
3.740411898647742E118 , 1215.8556289716018 , 1.1261633912572253E118
8.728760282009051E118 , 1215.8556289716018 , 6.312115195220017E118
4.62596812001001E118 , 1215.8556289716018 , 2.777814773168383E118
9.00826806642909E118 , 1215.8556289716018 , 6.7311506910354015E118
1.7595938529708323E119 , 1215.8556289716018 , 5.361039781285653E118
2.230684686351261E119 , 1215.8556289716018 , 1.9847878801141272E119
1.5482761035157287E119 , 1215.8556289716018 , 3.7924827825899193E118
1.393537051529691E119 , 1215.8556289716018 , 1.5183724890244927E119
1.55877161855804E119 , 1215.8556289716018 , 1.982271021705799E118
2.541885934642504E119 , 1215.8556289716018 , 2.0991270608515945E119
5.145348901629851E119 , 1215.8556289716018 , 1.4759365711570043E119
3.042149861492529E119 , 1215.8556289716018 , 4.2222689270394326E119
7.832332953910607E119 , 1215.8556289716018 , 2.561178300309201E119
2.092980489410379E119 , 1215.8556289716018 , 3.1359378847886985E119
8.008938357734527E119 , 1215.8556289716018 , 5.086513413629203E119
4.522109833732099E119 , 1215.8556289716018 , 6.378670654182465E119
8.775235348907341E119 , 1215.8556289716018 , 2.3161508111931536E119
1.2802504377407484E120 , 1215.8556289716018 , 1.1098331725657816E120
2.4625933036166783E120 , 1215.8556289716018 , 6.232188204147602E119
1.387537699296258E120 , 1215.8556289716018 , 1.988141559805192E120
2.060671111801293E120 , 1215.8556289716018 , 3.544282023387382E119
1.411054618703594E120 , 1215.8556289716018 , 1.7944598955068133E120
4.0415150832303253E120 , 1215.8556289716018 , 1.3694872266616607E120
4.676695684330728E119 , 1215.8556289716018 , 2.3286244728356553E120
4.2063874273047765E120 , 1215.8556289716018 , 2.0045310830957558E120
3.156967402211115E120 , 1215.8556289716018 , 5.640223723218294E119
6.538050702535445E120 , 1215.8556289716018 , 5.00906055021582E120
2.11291648008421E120 , 1215.8556289716018 , 2.3432529939009158E120
6.180555418254863E120 , 1215.8556289716018 , 4.2354573196635275E120
2.1115702503316564E120 , 1215.8556289716018 , 4.279483139059787E120
5.291543432518907E120 , 1215.8556289716018 , 1.6593299299829055E120
3.0861593377216326E119 , 1215.8556289716018 , 2.7976932621939264E120
5.41462404259309E120 , 1215.8556289716018 , 2.7508275084512106E120
4.350443869948382E120 , 1215.8556289716018 , 4.927445306590625E120
3.7679629321261794E120 , 1215.8556289716018 , 4.313941002785224E119
2.3812617139042595E120 , 1215.8556289716018 , 3.116852213171271E120
3.9460935432549736E120 , 1215.8556289716018 , 8.954511842722607E119
5.486258157965582E120 , 1215.8556289716018 , 4.738424766001435E120
4.036562786574262E120 , 1215.8556289716018 , 4.919293308210505E120
6.01780061756735E120 , 1215.8556289716018 , 1.0911988152022973E120
3.5425650156804963E120 , 1215.8556289716018 , 4.9435135104063283E120
6.91524521896754E120 , 1215.8556289716018 , 1.7659160103275118E120
4.594907284503266E120 , 1215.8556289716018 , 5.95238483110068E120
5.231756228290648E120 , 1215.8556289716018 , 3.317642442171494E119
5.064314936131112E120 , 1215.8556289716018 , 1.0367426670557767E119
3.489108216728803E120 , 1215.8556289716018 , 4.411175369657703E120
7.309907751043608E120 , 1215.8556289716018 , 2.0511576100074332E120
5.785238865340487E120 , 1215.8556289716018 , 6.681729732078969E120
7.306914187419366E120 , 1215.8556289716018 , 9.17951398510212E119
2.791758337811424E120 , 1215.8556289716018 , 5.0125537927591384E120
3.1727095522547993E120 , 1215.8556289716018 , 4.615988893884912E119
4.833836491114889E119 , 1215.8556289716018 , 1.7088578236807112E120
3.046762573757158E120 , 1215.8556289716018 , 1.7808852997276491E120
2.681380571397634E120 , 1215.8556289716018 , 6.342247945894725E119
3.5828225883446963E120 , 1215.8556289716018 , 3.2033244526688896E120
8.283176007187674E119 , 1215.8556289716018 , 1.5055914756476286E120
4.021511084436249E120 , 1215.8556289716018 , 2.4464936206979972E120
4.3816996837735655E120 , 1215.8556289716018 , 4.328792457143302E120
4.061661692382811E120 , 1215.8556289716018 , 4.6862036858045624E119
7.354481505153752E120 , 1215.8556289716018 , 5.904450533943326E120
3.5303544172201503E120 , 1215.8556289716018 , 2.0221069986797074E120
3.217804986130171E120 , 1215.8556289716018 , 3.472254506468108E120
6.460401651321048E120 , 1215.8556289716018 , 1.9508139551160864E120
1.8328747010855763E120 , 1215.8556289716018 , 2.8077527177388173E120
4.5535130880165545E120 , 1215.8556289716018 , 3.0807161396686644E120
2.9953018345937737E120 , 1215.8556289716018 , 3.9022051813133205E120
7.234468789635942E120 , 1215.8556289716018 , 2.198683584218148E120
3.423201132167827E120 , 1215.8556289716018 , 2.5302078225089504E120
8.02365584420596E120 , 1215.8556289716018 , 5.367440469282142E120
7.427611065678291E120 , 1215.8556289716018 , 7.978784951369764E120
4.4376709596701785E120 , 1215.8556289716018 , 2.811341795383449E120
8.389321540628564E120 , 1215.8556289716018 , 6.472294630518066E120
1.5682802366814693E121 , 1215.8556289716018 , 4.411468768757621E120
2.7736248555436957E121 , 1215.8556289716018 , 2.1850154789641414E121
2.3410012067272534E121 , 1215.8556289716018 , 2.510342466141723E121
2.0717384040765635E121 , 1215.8556289716018 , 2.350935452979824E120
2.7283513249011936E121 , 1215.8556289716018 , 2.4822696740094594E121
6.163475074035432E121 , 1215.8556289716018 , 1.8614236110133752E121
6.910320773914489E121 , 1215.8556289716018 , 6.761428597817835E121
1.1463903220732096E122 , 1215.8556289716018 , 2.6776154322969986E121
3.6405941211628217E121 , 1215.8556289716018 , 4.951982571864276E121
9.583779328437864E121 , 1215.8556289716018 , 6.57688262663733E121
7.99354235262249E121 , 1215.8556289716018 , 8.380660081553067E121
3.6847957645532833E121 , 1215.8556289716018 , 2.6066329288651723E121
3.667941003787251E121 , 1215.8556289716018 , 3.6373465106786667E121
2.5945851249445954E121 , 1215.8556289716018 , 1.2369079726665142E121
4.519598419490916E121 , 1215.8556289716018 , 3.547877493581143E121
4.612566502507421E121 , 1215.8556289716018 , 3.861683591215053E120
5.275484295863632E121 , 1215.8556289716018 , 4.951959272661494E121
5.680500298620685E121 , 1215.8556289716018 , 3.882864165424631E120
1.1152504480057288E121 , 1215.8556289716018 , 3.4270869413913177E121
6.195146789148923E121 , 1215.8556289716018 , 2.7486372369842275E121
3.0199851302802354E121 , 1215.8556289716018 , 1.646572748910577E121
6.471203571724326E121 , 1215.8556289716018 , 4.906902783146683E121
9.100729169548028E120 , 1215.8556289716018 , 2.883429205556283E121
5.685193163023427E121 , 1215.8556289716018 , 3.4093331634897185E121
6.815878680048153E121 , 1215.8556289716018 , 6.106785363762355E121
4.153996638378026E121 , 1215.8556289716018 , 5.670467625883045E121
5.490597090372858E121 , 1215.8556289716018 , 9.181851099453327E120
5.693514166842095E121 , 1215.8556289716018 , 1.0687496612833324E121
1.0826791000316797E121 , 1215.8556289716018 , 2.958850108552179E121
5.548942191813028E121 , 1215.8556289716018 , 3.098802159037755E121
2.4661094716255795E121 , 1215.8556289716018 , 2.623979609480003E121
6.199584532050793E121 , 1215.8556289716018 , 4.343468789118303E121
4.1547420874949375E121 , 1215.8556289716018 , 1.6068845613811883E121
4.510069752845332E121 , 1215.8556289716018 , 4.2311799305195255E121
9.930463574510686E121 , 1215.8556289716018 , 3.1105382649525535E121
4.686270956474265E121 , 1215.8556289716018 , 6.568514071048217E121
1.258380564683911E122 , 1215.8556289716018 , 5.189262013739251E121
2.6339463037419274E121 , 1215.8556289716018 , 6.809565195556138E121
1.2795795814011549E122 , 1215.8556289716018 , 7.877245386028695E121
7.26159317310564E121 , 1215.8556289716018 , 9.057151620040764E121
8.522691242138792E121 , 1215.8556289716018 , 2.636389790118194E121
5.71801682332989E121 , 1215.8556289716018 , 2.7201724877630214E121
8.223818442740745E121 , 1215.8556289716018 , 6.30855623734793E121
9.145933657264742E121 , 1215.8556289716018 , 2.9396435006449657E121
2.965070107303071E121 , 1215.8556289716018 , 5.157442075047823E121
9.326929074701647E121 , 1215.8556289716018 , 5.786341816849144E121
9.319244875859365E121 , 1215.8556289716018 , 2.3210201189735974E121
1.6126429431154875E122 , 1215.8556289716018 , 1.1514063305791423E122
1.099660424342707E122 , 1215.8556289716018 , 6.843986320161684E121
1.67581118738369E122 , 1215.8556289716018 , 1.1329413668375044E122
9.025983938393902E121 , 1215.8556289716018 , 9.95141538949147E121
1.8201783623485808E122 , 1215.8556289716018 , 9.110972954868152E121
1.681420876131868E122 , 1215.8556289716018 , 1.799805580337526E122
1.868835762587395E122 , 1215.8556289716018 , 1.535898552363686E121
1.249653616803045E122 , 1215.8556289716018 , 1.6022859783188547E122
1.3998216170804268E122 , 1215.8556289716018 , 9.244172284576191E121
2.9980692340538604E122 , 1215.8556289716018 , 2.025728733740679E122
3.452089545037579E122 , 1215.8556289716018 , 1.5782169759478995E122
2.63383405002474E122 , 1215.8556289716018 , 1.3549941673638445E122
2.6413704010949035E122 , 1215.8556289716018 , 1.2461211380340408E122
2.048036340068633E122 , 1215.8556289716018 , 2.169100942119823E122
4.070706863034899E122 , 1215.8556289716018 , 1.379475444653132E122
1.752908155785297E122 , 1215.8556289716018 , 2.671632712678445E122
3.7721212310493556E122 , 1215.8556289716018 , 2.0839675056840653E122
2.108620085686331E122 , 1215.8556289716018 , 2.265107036453831E122
3.719021261045593E122 , 1215.8556289716018 , 2.988790276270593E122
6.043939830123221E122 , 1215.8556289716018 , 4.073849477231284E122
2.3397643568244887E122 , 1215.8556289716018 , 2.303954375813689E122
3.948274200258994E122 , 1215.8556289716018 , 2.8546382422004313E122
5.711686603279636E122 , 1215.8556289716018 , 1.0562434492558532E122
6.925020012251931E122 , 1215.8556289716018 , 6.1471229585932314E122
5.875078720311934E122 , 1215.8556289716018 , 5.068739785651262E122
7.064929261169857E122 , 1215.8556289716018 , 2.511236031162393E122
5.100285404255375E122 , 1215.8556289716018 , 4.585646354947446E122
8.153820119051141E122 , 1215.8556289716018 , 4.471182110584658E122
4.824454710275565E122 , 1215.8556289716018 , 4.480711689088945E122
9.626535402506808E122 , 1215.8556289716018 , 5.061036785865702E122
1.2559397806683162E123 , 1215.8556289716018 , 8.379772434050179E122
6.5562553005814934E122 , 1215.8556289716018 , 5.737425773194212E122
1.1833180005204167E123 , 1215.8556289716018 , 9.166260071697418E122
9.780918002035659E122 , 1215.8556289716018 , 3.612028709079616E122
1.4136620749084373E123 , 1215.8556289716018 , 1.1164690406443473E123
1.0897724268600742E123 , 1215.8556289716018 , 4.872473874428482E122
1.0715553478700324E123 , 1215.8556289716018 , 8.413834152428624E122
1.0114229008937891E123 , 1215.8556289716018 , 2.9445839772784554E122
8.72210122835794E122 , 1215.8556289716018 , 9.213425892699106E122
9.242806922631591E122 , 1215.8556289716018 , 3.379740169268234E122
9.91291406740447E122 , 1215.8556289716018 , 3.719314582581065E122
1.1374823301825407E123 , 1215.8556289716018 , 6.676555353727522E122
1.4305441572343165E123 , 1215.8556289716018 , 1.210546091420489E123
1.6494973571520135E123 , 1215.8556289716018 , 1.0496875589712001E123
2.64430353193496E123 , 1215.8556289716018 , 1.8394455755369765E123
3.2133345925524503E123 , 1215.8556289716018 , 1.1963251069560764E123
3.1545974271527594E123 , 1215.8556289716018 , 2.901036675386121E123
5.391847056104897E123 , 1215.8556289716018 , 1.9385191122499275E123
4.0123142243120427E123 , 1215.8556289716018 , 4.7355382295762504E123
8.096839126337158E123 , 1215.8556289716018 , 4.420204606334633E123
3.8281861505037416E123 , 1215.8556289716018 , 4.4206401288339526E123
7.013429446669658E123 , 1215.8556289716018 , 4.7638894748761295E123
7.566758508075452E123 , 1215.8556289716018 , 7.706675830310266E122
9.394156227030788E123 , 1215.8556289716018 , 8.734191029761848E123
9.08077268587267E123 , 1215.8556289716018 , 7.04463761352707E122
7.616473966779595E123 , 1215.8556289716018 , 8.401758300523286E123
5.923278495380385E123 , 1215.8556289716018 , 1.9947457609970093E123
8.938311291131353E123 , 1215.8556289716018 , 7.161545415644954E123
5.951057965994727E123 , 1215.8556289716018 , 5.105888500907658E123
1.4500512800995753E124 , 1215.8556289716018 , 7.42383843100747E123
1.0845835835631387E124 , 1215.8556289716018 , 1.121988869131884E124
2.0980670430568615E124 , 1215.8556289716018 , 8.12685627715082E123
1.800092824045937E124 , 1215.8556289716018 , 1.0350418052400546E124
2.0010256915359954E124 , 1215.8556289716018 , 1.4372388241835683E124
1.697940569322111E124 , 1215.8556289716018 , 1.5146329696083185E124
2.2217905434230636E124 , 1215.8556289716018 , 1.5140042171152546E124
2.172165568851989E124 , 1215.8556289716018 , 1.6137782466032896E124
3.1378440392445163E124 , 1215.8556289716018 , 2.4603754816542667E124
5.016100077500041E124 , 1215.8556289716018 , 1.663168926200401E124
3.070369733298397E124 , 1215.8556289716018 , 3.9257656596876236E124
5.093971585784685E124 , 1215.8556289716018 , 1.613678747287996E124
5.2527267022638895E124 , 1215.8556289716018 , 5.233297917637172E124
4.036807057711173E124 , 1215.8556289716018 , 1.3402111185338475E124
5.075250395829227E124 , 1215.8556289716018 , 1.9002103017096124E124
8.901402613404228E124 , 1215.8556289716018 , 6.678217861604976E124
5.605873464789145E124 , 1215.8556289716018 , 3.5853438512082164E124
1.0343933691076709E125 , 1215.8556289716018 , 6.650670070053124E124
5.72377240245102E124 , 1215.8556289716018 , 3.487687518292785E124
1.303934196723423E125 , 1215.8556289716018 , 9.276952110198518E124
7.788933880031307E124 , 1215.8556289716018 , 3.670402579674824E124
1.625992314074616E125 , 1215.8556289716018 , 1.2218535755110087E125
7.579280047807831E124 , 1215.8556289716018 , 1.1872626069025092E125
6.5235869543722235E124 , 1215.8556289716018 , 5.635844314598538E124
9.821513908931912E124 , 1215.8556289716018 , 6.224191715772116E124
6.276830182918171E124 , 1215.8556289716018 , 4.845512308930705E124
1.4857557516780308E125 , 1215.8556289716018 , 1.0223349953343643E125
1.72286880176331E125 , 1215.8556289716018 , 5.336242536613627E124
1.709949045204819E125 , 1215.8556289716018 , 1.3416948776298676E125
2.5960386717314347E125 , 1215.8556289716018 , 1.2470764515918849E125
3.416593828722912E125 , 1215.8556289716018 , 2.7554169392615714E125
4.960306726757116E125 , 1215.8556289716018 , 1.2791779272190836E125
2.5915260643275426E125 , 1215.8556289716018 , 1.4269837279680797E125
3.3580932798901702E125 , 1215.8556289716018 , 2.949615484207699E125
2.5581035616859573E125 , 1215.8556289716018 , 1.0112892033794013E125
3.856463717339679E125 , 1215.8556289716018 , 3.297304976008905E125
2.894307987941815E125 , 1215.8556289716018 , 1.1894333518817997E125
6.344479195477294E125 , 1215.8556289716018 , 4.275739747865867E125
9.987916970878999E125 , 1215.8556289716018 , 3.083567979265685E125
1.58989760251988E126 , 1215.8556289716018 , 1.2515619917816034E126
2.7423923098122578E125 , 1215.8556289716018 , 7.983257954159664E125
1.5809967469209484E126 , 1215.8556289716018 , 8.935738899263358E125
3.699448485918469E125 , 1215.8556289716018 , 7.35550290370021E125
1.6400230193837317E126 , 1215.8556289716018 , 9.583531831930792E125
7.067917434477667E125 , 1215.8556289716018 , 1.0288330417240756E126
1.124853756380762E126 , 1215.8556289716018 , 4.424892868075233E125
1.829535676564901E126 , 1215.8556289716018 , 9.536557883795084E125
7.119032171166187E125 , 1215.8556289716018 , 1.2991696898820334E126
2.0891571325789395E126 , 1215.8556289716018 , 7.486735741796702E125
2.04705950840001E126 , 1215.8556289716018 , 2.109923041440067E126
2.2581366178242348E126 , 1215.8556289716018 , 4.708949580620159E125
2.864648334941972E126 , 1215.8556289716018 , 2.614372263679746E126
3.389125158100947E126 , 1215.8556289716018 , 5.960715370715377E125
4.2019007825222003E126 , 1215.8556289716018 , 3.826661661588089E126
3.7975359488150823E126 , 1215.8556289716018 , 1.2075426978017177E126
7.124756967508525E126 , 1215.8556289716018 , 5.3472086920272824E126
8.880501320496116E126 , 1215.8556289716018 , 1.6871050326815658E126
1.0283164415164674E127 , 1215.8556289716018 , 9.165352537932871E126
4.090279513168585E126 , 1215.8556289716018 , 5.257261011379265E126
1.1273528644155083E127 , 1215.8556289716018 , 6.035311236736633E126
6.989808460406633E126 , 1215.8556289716018 , 5.844469415688585E126
1.2386835701206672E127 , 1215.8556289716018 , 9.863484225652812E126
1.0460011594447656E127 , 1215.8556289716018 , 4.5309940006185554E126
1.472154585497462E127 , 1215.8556289716018 , 1.3021770436410012E127
2.0287272217896747E127 , 1215.8556289716018 , 5.538899097088241E126
9.494923557698363E126 , 1215.8556289716018 , 7.569608355184914E126
1.8047878545826136E127 , 1215.8556289716018 , 1.2921929939118334E127
2.5241381630267747E127 , 1215.8556289716018 , 1.7538652375389686E127
2.1105641258188139E127 , 1215.8556289716018 , 1.2548697569188498E127
3.7637993967789704E127 , 1215.8556289716018 , 2.173227458727128E127
1.8444481673256448E127 , 1215.8556289716018 , 2.6518733210532874E127
3.916164595382449E127 , 1215.8556289716018 , 1.6500753104152444E127
5.211192718212915E127 , 1215.8556289716018 , 2.0794142664361646E127
1.1506334428990183E127 , 1215.8556289716018 , 3.04832910397098E127
5.37400814049935E127 , 1215.8556289716018 , 2.5534590682835807E127
3.2726229396702053E127 , 1215.8556289716018 , 1.26546349105954E127
7.486368044889684E127 , 1215.8556289716018 , 5.561020489691109E127
6.565168047723384E127 , 1215.8556289716018 , 6.83575571372597E127
3.7141133089284645E127 , 1215.8556289716018 , 3.185826162137215E127
5.9004494711990225E127 , 1215.8556289716018 , 4.87245486346807E127
4.767651989748875E127 , 1215.8556289716018 , 5.133029341858705E127
4.8690325742247405E127 , 1215.8556289716018 , 2.6145150036338107E127
9.752664627216881E127 , 1215.8556289716018 , 5.976781655216154E127
1.6963996099742101E128 , 1215.8556289716018 , 6.904766235689955E127
1.2522482411156017E128 , 1215.8556289716018 , 3.2261611686611323E127
9.099137362029462E127 , 1215.8556289716018 , 1.041958532245469E128
7.228372780261085E127 , 1215.8556289716018 , 1.2683415824012828E127
1.6396479240044832E128 , 1215.8556289716018 , 1.2197828034703253E128
3.0567264714270718E128 , 1215.8556289716018 , 8.17589020866051E127
3.2965586305442866E128 , 1215.8556289716018 , 3.2827564968708957E128
1.4069198849144383E128 , 1215.8556289716018 , 1.241764500284405E128
2.717593777595232E128 , 1215.8556289716018 , 1.843393917641419E128
2.670869848676126E128 , 1215.8556289716018 , 2.0190727813830082E127
8.67791756633414E127 , 1215.8556289716018 , 1.7383691182292187E128
3.2467998036444607E128 , 1215.8556289716018 , 1.4909746395562822E128
1.0406020981930623E128 , 1215.8556289716018 , 2.157156533871208E128
3.005867851280048E128 , 1215.8556289716018 , 1.324739008185718E128
3.537553826615715E128 , 1215.8556289716018 , 3.210520100835847E128
1.73760451225656E128 , 1215.8556289716018 , 1.7149973430321516E128
3.706065558806006E128 , 1215.8556289716018 , 2.478118783835217E128
3.514408797172606E128 , 1215.8556289716018 , 1.0012260699463214E128
3.1812338711221353E128 , 1215.8556289716018 , 3.268897840367862E128
2.918362479805978E128 , 1215.8556289716018 , 7.923392944076529E127
3.035909736990022E128 , 1215.8556289716018 , 2.717137231350366E128
2.373001508786214E128 , 1215.8556289716018 , 1.1583482992584572E128
2.764843712344212E128 , 1215.8556289716018 , 2.4694505042074506E128
2.7419293609550646E128 , 1215.8556289716018 , 9.013230166436322E127
3.442072114800297E128 , 1215.8556289716018 , 3.081883482761799E128
3.670456056776601E128 , 1215.8556289716018 , 1.6342213697699113E128
4.526173706734058E128 , 1215.8556289716018 , 3.286547934649407E128
4.837894608679552E128 , 1215.8556289716018 , 4.200339212421234E128
4.999710997903351E128 , 1215.8556289716018 , 1.5819568601808952E128
6.6156961505233516E128 , 1215.8556289716018 , 5.82935872975925E128
4.89894315098036E128 , 1215.8556289716018 , 4.3691480020247044E128
7.544165410533589E128 , 1215.8556289716018 , 3.086647618761181E128
9.905617811348437E128 , 1215.8556289716018 , 9.030757912014599E128
7.245502851733184E128 , 1215.8556289716018 , 3.4873150662188864E128
1.507060117076249E129 , 1215.8556289716018 , 1.1242789095372618E129
9.952435699996757E128 , 1215.8556289716018 , 4.613397184045406E128
1.9715864484410454E129 , 1215.8556289716018 , 1.3594451202963896E129
1.7540165256210374E129 , 1215.8556289716018 , 1.0949667598610526E129
2.18353635569344E129 , 1215.8556289716018 , 1.9355757520426942E129
1.5631088771199868E129 , 1215.8556289716018 , 1.50215774253208E129
1.2517899219580502E129 , 1215.8556289716018 , 6.030485160984381E128
1.2309551935704817E129 , 1215.8556289716018 , 9.310249314646573E128
1.2524746273985622E129 , 1215.8556289716018 , 1.2345644953478267E129
2.2856326767371507E129 , 1215.8556289716018 , 1.7387423296271792E129
3.042568102933586E129 , 1215.8556289716018 , 1.0364534482163649E129
4.23547783578494E129 , 1215.8556289716018 , 3.532562770056624E129
5.932749869202824E129 , 1215.8556289716018 , 1.188844103549876E129
2.5228024222600318E129 , 1215.8556289716018 , 4.212283303187851E129
4.0146581158338284E129 , 1215.8556289716018 , 1.679882978964825E129
3.821934161056516E129 , 1215.8556289716018 , 3.7188617748837146E129
5.3041286435711745E129 , 1215.8556289716018 , 2.222987418307969E129
2.295471902810128E129 , 1215.8556289716018 , 3.367568303189351E129
7.35612424306272E129 , 1215.8556289716018 , 3.414629713968568E129
5.2105146023145196E129 , 1215.8556289716018 , 3.0014670572651566E129
8.878375512095259E129 , 1215.8556289716018 , 6.484990542360921E129
4.3332502685787745E129 , 1215.8556289716018 , 4.297788784381884E129
7.201979479490282E129 , 1215.8556289716018 , 4.5398460047373946E129
6.131268264485971E129 , 1215.8556289716018 , 2.3718519119883694E129
1.5607970936261538E130 , 1215.8556289716018 , 1.0205390406975338E130
1.3678601545209874E130 , 1215.8556289716018 , 3.629201198423054E129
1.7378026758530024E130 , 1215.8556289716018 , 1.409426821429981E130
5.310868953654534E129 , 1215.8556289716018 , 8.547261915233386E129
2.2715001100214837E130 , 1215.8556289716018 , 1.26186006696264E130
1.7429345286240854E130 , 1215.8556289716018 , 7.054279768258738E129
2.2451496072287394E130 , 1215.8556289716018 , 2.0578608926920087E130
2.692677508281185E130 , 1215.8556289716018 , 1.674482250726833E130
3.32377325547723E130 , 1215.8556289716018 , 3.084907450392841E130
2.0915061506998016E130 , 1215.8556289716018 , 7.336393238638554E129
1.983879385653466E130 , 1215.8556289716018 , 1.5696678154308087E130
3.2177112189411665E130 , 1215.8556289716018 , 2.3841614805744256E130
1.4282269218597303E130 , 1215.8556289716018 , 1.5320648573234952E130
3.796186464613902E130 , 1215.8556289716018 , 2.1040028778915322E130
2.8043576622458036E130 , 1215.8556289716018 , 1.9589235794591186E130
4.2819101820646514E130 , 1215.8556289716018 , 3.6220129054161967E130
4.42339612610773E130 , 1215.8556289716018 , 1.8100864364494605E130
4.55806808695724E130 , 1215.8556289716018 , 4.297523563098231E130
4.3952161031071734E130 , 1215.8556289716018 , 3.1736509337275947E130
6.425475158633235E130 , 1215.8556289716018 , 5.485893809907354E130
7.352819453163978E130 , 1215.8556289716018 , 3.00773367190072E130
9.19540227039349E130 , 1215.8556289716018 , 5.807140859307997E130
8.210107585620589E130 , 1215.8556289716018 , 8.667157084744875E130
8.093635152009648E130 , 1215.8556289716018 , 7.815930903647286E130
1.5178354407788853E131 , 1215.8556289716018 , 4.769953276776675E130
1.6881055842517885E131 , 1215.8556289716018 , 1.647513525938081E131
3.747225477871122E131 , 1215.8556289716018 , 1.1584999223680418E131
3.7636960707642636E130 , 1215.8556289716018 , 2.0320556845842544E131
3.60113096753423E131 , 1215.8556289716018 , 1.7709409463852133E131
4.219744615912881E131 , 1215.8556289716018 , 3.767983713264331E130
4.430947488770444E131 , 1215.8556289716018 , 3.7492946344126215E131
2.671628762283456E131 , 1215.8556289716018 , 2.5548617207207763E131
4.7871443462678414E131 , 1215.8556289716018 , 3.449097830434373E131
1.3645169918247275E131 , 1215.8556289716018 , 2.9572930187409645E131
4.662444121685162E131 , 1215.8556289716018 , 3.1088758191109987E131
4.504409643451074E131 , 1215.8556289716018 , 4.167199412066185E131
4.691425259623379E131 , 1215.8556289716018 , 1.2599733796771655E131
1.0486460223908635E132 , 1215.8556289716018 , 7.571311226780098E131
1.1558831819508344E132 , 1215.8556289716018 , 1.0282613061639446E132
1.6868322969778384E132 , 1215.8556289716018 , 4.002631006407981E131
1.819766691639624E132 , 1215.8556289716018 , 1.7469242839823396E132
2.0796966005300815E132 , 1215.8556289716018 , 3.1541809965628543E131
1.0590049668767283E132 , 1215.8556289716018 , 6.966136998754366E131
1.7048638718700954E132 , 1215.8556289716018 , 1.378028595797823E132
9.495342611987779E131 , 1215.8556289716018 , 1.195468789119053E132
2.1174546804736452E132 , 1215.8556289716018 , 9.137412715203958E131
1.484596656784853E132 , 1215.8556289716018 , 1.357707309548074E132
9.900573887645445E131 , 1215.8556289716018 , 5.624340476911458E131
1.7730825282278366E132 , 1215.8556289716018 , 1.152174199544542E132
6.749487737767783E131 , 1215.8556289716018 , 9.853416485184278E131
1.7037357072653007E132 , 1215.8556289716018 , 8.477423318029851E131
2.718667362918413E131 , 1215.8556289716018 , 7.897510006676772E131
1.590731547723966E132 , 1215.8556289716018 , 9.571566435990401E131
5.716169958550026E131 , 1215.8556289716018 , 1.095645336952089E132
1.6547578901097845E132 , 1215.8556289716018 , 6.062876760763984E131
5.34972166118375E131 , 1215.8556289716018 , 8.865106908713738E131
1.5416095656708694E132 , 1215.8556289716018 , 8.109988482987477E131
4.293619170344285E131 , 1215.8556289716018 , 8.240132205065686E131
1.4509332747984975E132 , 1215.8556289716018 , 7.610490749595183E131
1.7131438374852696E132 , 1215.8556289716018 , 6.027104526323315E131
1.2474264140732587E132 , 1215.8556289716018 , 1.1560973254116956E132
1.207397092990361E132 , 1215.8556289716018 , 5.200627567410368E131
1.1257940181843357E132 , 1215.8556289716018 , 1.0517302996846408E132
5.72920045234058E131 , 1215.8556289716018 , 6.36722520489392E131
9.772256883066345E131 , 1215.8556289716018 , 4.671486710910914E131
9.439408654227588E131 , 1215.8556289716018 , 9.473158971485322E131
1.3806792596038252E132 , 1215.8556289716018 , 3.649498691077995E131
1.0408423387803596E132 , 1215.8556289716018 , 1.217997391108307E132
1.7671908475940262E132 , 1215.8556289716018 , 5.113113263446943E131
1.5515014159247916E132 , 1215.8556289716018 , 1.6553780879537524E132
1.563851745668633E132 , 1215.8556289716018 , 3.5230157291828232E131
9.984709076358846E131 , 1215.8556289716018 , 1.3067184333270076E132
1.2298156830638234E132 , 1215.8556289716018 , 3.659428210017689E131
8.810536353603193E131 , 1215.8556289716018 , 6.274134072230857E131
1.2269636604840184E132 , 1215.8556289716018 , 8.98016188862639E131
9.317165501599208E131 , 1215.8556289716018 , 1.0134804697731763E132
1.5262310104178533E132 , 1215.8556289716018 , 5.559460322502952E131
3.2234532621028255E132 , 1215.8556289716018 , 2.357298608529179E132
4.260512706887675E132 , 1215.8556289716018 , 1.0620680738011401E132
4.2861035333490784E132 , 1215.8556289716018 , 4.302862107149857E132
1.636337548873277E132 , 1215.8556289716018 , 2.850434724007576E132
4.925460989517159E132 , 1215.8556289716018 , 2.1114001170977586E132
5.434767796917893E132 , 1215.8556289716018 , 5.0795126078259376E132
7.627548904279657E132 , 1215.8556289716018 , 2.2130787564934845E132
1.4827803595282297E133 , 1215.8556289716018 , 1.117767093132809E133
7.742073724138827E132 , 1215.8556289716018 , 1.0770199672474566E133
1.6372176409656958E133 , 1215.8556289716018 , 6.53481744716431E132
8.181014375003621E132 , 1215.8556289716018 , 1.228057116723544E133
2.5504627352033237E133 , 1215.8556289716018 , 9.901554786496339E132
1.623479117723956E133 , 1215.8556289716018 , 2.0320086237835177E133
2.5138766369668636E133 , 1215.8556289716018 , 6.682507116484219E132
1.0261052069383294E133 , 1215.8556289716018 , 1.6896587367006091E133
3.162648438318549E133 , 1215.8556289716018 , 1.281563656894723E133
8.898417980890738E132 , 1215.8556289716018 , 1.8952185764279047E133
3.80266608564442E133 , 1215.8556289716018 , 1.7911449479369274E133
1.5283828017713564E133 , 1215.8556289716018 , 2.6379015326552746E133
3.2441434808655504E133 , 1215.8556289716018 , 1.0873567336697348E133
1.788246197380452E133 , 1215.8556289716018 , 2.0383074119834339E133
3.3169623012413917E133 , 1215.8556289716018 , 1.8096750140774636E133
2.346165809200155E133 , 1215.8556289716018 , 2.158492282034601E133
4.48861935116389E133 , 1215.8556289716018 , 1.9911496606273235E133
3.0916232382527046E133 , 1215.8556289716018 , 3.89856143651121E133
6.666299711750338E133 , 1215.8556289716018 , 1.9683954722358715E133
3.7786317327423906E133 , 1215.8556289716018 , 5.366436882415577E133
6.185085037082285E133 , 1215.8556289716018 , 1.45502751928218E133
2.2904526372852386E133 , 1215.8556289716018 , 4.1086099240513596E133
7.258744368086968E133 , 1215.8556289716018 , 2.9505596569012737E133
7.741009588871359E133 , 1215.8556289716018 , 2.9224155931854194E133
7.087693155073916E133 , 1215.8556289716018 , 7.633264073924536E133
8.898822379271764E133 , 1215.8556289716018 , 1.5643801440138515E133
4.986321040673912E133 , 1215.8556289716018 , 6.775770644465722E133
7.964947149710778E133 , 1215.8556289716018 , 2.428937296260434E133
6.479206023944194E133 , 1215.8556289716018 , 5.197012695831717E133
8.835350409237347E133 , 1215.8556289716018 , 5.709624138162668E133
7.307414264711404E133 , 1215.8556289716018 , 4.956797366780265E133
7.755183996072939E133 , 1215.8556289716018 , 5.844156946352943E133
5.787549847812157E133 , 1215.8556289716018 , 4.185473742517098E133
5.888555512982735E133 , 1215.8556289716018 , 3.582948942025689E133
2.2913628176465123E133 , 1215.8556289716018 , 3.965057262419517E133
6.063501592622129E133 , 1215.8556289716018 , 3.515410393383381E133
7.615238150447553E133 , 1215.8556289716018 , 2.1457054195704406E133
3.090589349980202E133 , 1215.8556289716018 , 4.905891098939609E133
8.510405560657041E133 , 1215.8556289716018 , 3.644784124406833E133
8.238274571627813E133 , 1215.8556289716018 , 7.593487834353682E133
1.0174665798076667E134 , 1215.8556289716018 , 2.6757179866253333E133
9.788105573988463E133 , 1215.8556289716018 , 9.826519165467775E133
8.205392701722214E133 , 1215.8556289716018 , 2.424871738206118E133
1.0752350882148987E134 , 1215.8556289716018 , 8.977384416261523E133
8.847921057068623E133 , 1215.8556289716018 , 4.608254598369151E133
1.1368189811186237E134 , 1215.8556289716018 , 5.48516202033438E133
9.65662016601162E133 , 1215.8556289716018 , 9.90857038426263E133
1.3177602484925243E134 , 1215.8556289716018 , 8.175538461306681E133
1.7447208440551365E134 , 1215.8556289716018 , 6.910003910242156E133
1.6695739059302128E134 , 1215.8556289716018 , 1.500833067523165E134
1.995473660963732E134 , 1215.8556289716018 , 8.557436161275974E133
1.8829874378417817E134 , 1215.8556289716018 , 8.351914700645189E133
2.6407063345509507E134 , 1215.8556289716018 , 2.0441720669864234E134
5.161568801040322E134 , 1215.8556289716018 , 1.6951918980519266E134
1.8265816666486153E134 , 1215.8556289716018 , 2.5116904791665917E134
6.6819099007137465E134 , 1215.8556289716018 , 3.840148755820625E134
3.2360210684288226E134 , 1215.8556289716018 , 4.711697451475423E134
6.240618425108962E134 , 1215.8556289716018 , 2.025796283739115E134
2.8511781739087964E134 , 1215.8556289716018 , 4.317128602246108E134
5.432596330755854E134 , 1215.8556289716018 , 1.859622250240368E134
6.726473977776609E134 , 1215.8556289716018 , 4.0078068318827E134
6.508620987655946E134 , 1215.8556289716018 , 5.25715166310039E134
6.620810919155419E134 , 1215.8556289716018 , 3.5807712708830318E134
1.0848698055037234E135 , 1215.8556289716018 , 5.8496921955578E134
1.1052282976416803E135 , 1215.8556289716018 , 3.771471311002572E134
1.7043814046761826E135 , 1215.8556289716018 , 1.1256824693472055E135
9.402072537329058E134 , 1215.8556289716018 , 5.469147957745907E134
1.3853151457387903E135 , 1215.8556289716018 , 1.1914648142301172E135
1.2737860188613632E135 , 1215.8556289716018 , 4.699256704989198E134
1.887770148804698E135 , 1215.8556289716018 , 1.6088499210197776E135
1.6185664232887393E135 , 1215.8556289716018 , 1.0526404147364923E135
2.507026748808638E135 , 1215.8556289716018 , 1.3138482949415766E135
1.2793778755781169E135 , 1215.8556289716018 , 9.82833484405322E134
2.6312811818067344E135 , 1215.8556289716018 , 1.7859878758529265E135
2.7880341066382716E135 , 1215.8556289716018 , 1.813097841811451E135
1.9915398475228973E135 , 1215.8556289716018 , 1.1719643022940368E135
3.517000944927932E135 , 1215.8556289716018 , 2.6210696681506702E135
2.8111611575853977E135 , 1215.8556289716018 , 8.716135675263285E134
5.824257517149778E135 , 1215.8556289716018 , 4.335248425864667E135
6.020609494896117E135 , 1215.8556289716018 , 7.968235606233083E134
1.278036480096575E136 , 1215.8556289716018 , 9.220269221706382E135
3.3646100934290175E135 , 1215.8556289716018 , 5.68485614182756E135
1.4389682777880156E136 , 1215.8556289716018 , 8.384809505870415E135
7.97256384355682E135 , 1215.8556289716018 , 4.593063244821776E135
1.3437157933865968E136 , 1215.8556289716018 , 1.0763287678137826E136
1.3847854504442162E136 , 1215.8556289716018 , 6.415090856257939E135
8.149911243590733E135 , 1215.8556289716018 , 1.0616673853519542E136
1.338370562014126E136 , 1215.8556289716018 , 1.0784055635601583E136
8.624614171653396E135 , 1215.8556289716018 , 9.696295372874171E135
1.6060299868858592E136 , 1215.8556289716018 , 1.0129331098353562E136
2.8554186428601516E136 , 1215.8556289716018 , 2.3063877123001111E136
2.1053681658791238E136 , 1215.8556289716018 , 5.878454910409411E135
1.0959738929813495E136 , 1215.8556289716018 , 1.4981708558978936E136
2.3081230598398298E136 , 1215.8556289716018 , 8.185916415786377E135
1.7075612410987157E136 , 1215.8556289716018 , 1.497791939704606E136
3.757421559050253E136 , 1215.8556289716018 , 2.018918390369237E136
2.991748392452605E136 , 1215.8556289716018 , 2.0004175181040423E136
4.3422708853971284E136 , 1215.8556289716018 , 2.335288258545778E136
5.010267519553251E136 , 1215.8556289716018 , 2.3135743138330663E136
4.4660128830419496E136 , 1215.8556289716018 , 4.3254220451110145E136
6.649458887089221E136 , 1215.8556289716018 , 2.5861802604572184E136
5.30461673166205E136 , 1215.8556289716018 , 2.745430165755949E136
1.212481411973671E137 , 1215.8556289716018 , 7.121655117630635E136
9.815610814009912E136 , 1215.8556289716018 , 4.81992947546476E136
1.3494251392082636E137 , 1215.8556289716018 , 8.678408001607124E136
8.067716641859405E136 , 1215.8556289716018 , 5.304620401221524E136
1.6267965440129752E137 , 1215.8556289716018 , 1.0184252320271586E137
1.6841002436780583E137 , 1215.8556289716018 , 4.017444465781099E136
2.2240424127015307E137 , 1215.8556289716018 , 2.01795645771978E137
1.8319847030877676E137 , 1215.8556289716018 , 2.6435175494541334E136
1.7144827223171236E137 , 1215.8556289716018 , 1.8277926261108461E137
1.2670601728336861E137 , 1215.8556289716018 , 1.0748782008652703E137
1.7747724928853978E137 , 1215.8556289716018 , 1.564912384305048E137
1.2888717246584755E137 , 1215.8556289716018 , 1.0154734497421743E137
2.853986716929066E137 , 1215.8556289716018 , 2.124233873007624E137
1.1222726496647344E137 , 1215.8556289716018 , 1.0548841355700872E137
2.3261273605058688E137 , 1215.8556289716018 , 1.634300183690407E137
3.672032383080146E137 , 1215.8556289716018 , 3.0514552258136743E137
1.0071141571131867E137 , 1215.8556289716018 , 2.1504236558390747E137
3.894188974152935E137 , 1215.8556289716018 , 1.7684148780949391E137
1.0545652013023437E137 , 1215.8556289716018 , 2.40366871755798E137
3.367434315746986E137 , 1215.8556289716018 , 1.6924522585403572E137
3.055789526922663E137 , 1215.8556289716018 , 3.1912663011442243E137
2.6275178315012E137 , 1215.8556289716018 , 1.378571763954584E137
3.353468142269479E137 , 1215.8556289716018 , 2.9989037769590534E137
4.409230593236E137 , 1215.8556289716018 , 1.053089994709486E137
3.637298048521868E137 , 1215.8556289716018 , 4.122918461336143E137
7.143759220464269E137 , 1215.8556289716018 , 2.329295100682409E137
6.517189349648654E137 , 1215.8556289716018 , 3.402448642189601E137
6.1598377914233485E137 , 1215.8556289716018 , 4.202372647248415E137
6.859574196714281E137 , 1215.8556289716018 , 2.3767631808946042E137
6.277739265220433E137 , 1215.8556289716018 , 5.7331211874011254E137
9.627022900736741E137 , 1215.8556289716018 , 3.788388502305487E137
5.79612896619706E137 , 1215.8556289716018 , 7.718417254542672E137
1.1172277736139742E138 , 1215.8556289716018 , 4.977286060275738E137
1.3759233283022823E138 , 1215.8556289716018 , 1.2896599553236276E138
7.317293816532882E137 , 1215.8556289716018 , 9.335894287421615E137
1.398091165187839E138 , 1215.8556289716018 , 7.913695937990359E137
1.3469589194817746E138 , 1215.8556289716018 , 7.2722311995370165E137
6.335299469017642E137 , 1215.8556289716018 , 7.390294982878636E137
1.2090351802073652E138 , 1215.8556289716018 , 5.865464304557061E137
1.3248489011028675E138 , 1215.8556289716018 , 1.8576776480107466E137
2.0692845717301543E138 , 1215.8556289716018 , 1.7530626841263346E138
3.1580581505006035E138 , 1215.8556289716018 , 6.625607078799263E137
4.052713519101957E138 , 1215.8556289716018 , 3.686887921442462E138
4.519657431733614E138 , 1215.8556289716018 , 2.820878892206743E138
3.776691812054895E138 , 1215.8556289716018 , 2.8103418338828312E138
3.817309544911156E138 , 1215.8556289716018 , 2.8119603918203554E138
2.0746194145145167E138 , 1215.8556289716018 , 1.5869838948690973E138
5.109228081680115E138 , 1215.8556289716018 , 3.391056897980041E138
5.987062255884676E138 , 1215.8556289716018 , 2.124796542233594E138
7.122287599512594E138 , 1215.8556289716018 , 6.596571453482717E138
6.540093412516773E138 , 1215.8556289716018 , 6.30671926224608E137
4.4525379647767435E138 , 1215.8556289716018 , 5.662336172553253E138
3.288690215330615E138 , 1215.8556289716018 , 1.7800606633662778E138
5.5837410633299086E138 , 1215.8556289716018 , 4.126949927716121E138
4.43400778108197E138 , 1215.8556289716018 , 1.3363613610346078E138
6.594631619653694E138 , 1215.8556289716018 , 5.2557539890051875E138
9.032119676508873E138 , 1215.8556289716018 , 4.055386818131916E138
1.1821056196344976E139 , 1215.8556289716018 , 9.361847274607082E138
1.8607614087945838E139 , 1215.8556289716018 , 7.467303991939615E138
4.2451040070843754E138 , 1215.8556289716018 , 7.882126687834193E138
1.9654600615982044E139 , 1215.8556289716018 , 1.2013159779131581E139
5.783524235481165E138 , 1215.8556289716018 , 1.1802941820467765E139
2.2657058440249798E139 , 1215.8556289716018 , 1.0276724234829778E139
7.72920212086102E138 , 1215.8556289716018 , 1.0270830264748218E139
2.64433249616405E139 , 1215.8556289716018 , 1.5272724186501053E139
2.533641889128779E139 , 1215.8556289716018 , 1.8626502781546246E139
4.79124392337441E139 , 1215.8556289716018 , 2.0116899678789168E139
2.5073201531615146E139 , 1215.8556289716018 , 3.675077522470323E139
6.25380468733475E139 , 1215.8556289716018 , 2.057924035887067E139
2.800460274945701E139 , 1215.8556289716018 , 3.258104540701273E139
7.119934640158825E139 , 1215.8556289716018 , 3.9662929196660146E139
7.948736311015099E139 , 1215.8556289716018 , 1.4452430740981733E139
6.511714271450956E139 , 1215.8556289716018 , 7.479149295581721E139
3.26801656039707E139 , 1215.8556289716018 , 4.147509854321832E139
7.393943516310371E139 , 1215.8556289716018 , 4.772329677720583E139
4.925970797150209E139 , 1215.8556289716018 , 4.865099182724696E139
6.905170597977352E139 , 1215.8556289716018 , 4.5796048024174246E139
1.1001427725800775E140 , 1215.8556289716018 , 7.537101879683886E139
1.288855192658914E140 , 1215.8556289716018 , 2.353612158924939E139
1.4539159511161836E140 , 1215.8556289716018 , 1.3591385910206974E140
1.2157828402906546E140 , 1215.8556289716018 , 3.127239577204777E139
1.3248758411653495E140 , 1215.8556289716018 , 1.3096219355375304E140
6.264556815381599E139 , 1215.8556289716018 , 6.893031976077432E139
1.8041400769018478E140 , 1215.8556289716018 , 9.701774590347392E139
1.4661654315238914E140 , 1215.8556289716018 , 1.6250171019351738E140
1.1452771544966088E140 , 1215.8556289716018 , 6.113008048815959E139
1.0786802598883165E140 , 1215.8556289716018 , 8.230218908755342E139
1.7775775528337966E140 , 1215.8556289716018 , 7.2692654781547E139
1.9056907136794075E140 , 1215.8556289716018 , 4.123037498904033E139
8.030364328084231E139 , 1215.8556289716018 , 1.221309244788359E140
1.1990610920779762E140 , 1215.8556289716018 , 5.306051213309329E139
1.5252009335528163E140 , 1215.8556289716018 , 1.1461168678947123E140
1.4487515106557245E140 , 1215.8556289716018 , 4.294497606499102E139
2.539086794495968E140 , 1215.8556289716018 , 1.95673554520877E140
1.7286890138540813E140 , 1215.8556289716018 , 4.3139701487858665E139
2.1923535303312785E140 , 1215.8556289716018 , 2.023682520858844E140
1.8889080316636733E140 , 1215.8556289716018 , 6.180037249009231E139
1.6621953989628972E140 , 1215.8556289716018 , 1.5535957683664868E140
5.807514953785264E139 , 1215.8556289716018 , 1.012008843561204E140
1.5574345582340267E140 , 1215.8556289716018 , 6.9239339212427E139
8.344316554330684E139 , 1215.8556289716018 , 7.600292812906418E139
1.1904230110034905E140 , 1215.8556289716018 , 9.74159765600127E139
1.4016882461185424E140 , 1215.8556289716018 , 4.4666829432229386E139
1.3186313571106322E140 , 1215.8556289716018 , 1.3946599432442083E140
1.6309069026997472E140 , 1215.8556289716018 , 4.511093207186746E139
2.371202397887497E140 , 1215.8556289716018 , 1.881435884825869E140
3.042488436677205E140 , 1215.8556289716018 , 9.013591196022296E139
2.7269910032976128E140 , 1215.8556289716018 , 2.7738424851949633E140
4.884258417527731E140 , 1215.8556289716018 , 1.4310242301703308E140
4.889052609510411E140 , 1215.8556289716018 , 4.715261930170246E140
4.244885518575888E140 , 1215.8556289716018 , 2.2734545333243197E140
7.555083739705525E140 , 1215.8556289716018 , 5.423142520869992E140
9.923557865511106E140 , 1215.8556289716018 , 3.8733019708549355E140
5.815235887000027E140 , 1215.8556289716018 , 6.706841718620803E140
1.2257874585447799E141 , 1215.8556289716018 , 7.513201053212734E140
1.5004393954208748E141 , 1215.8556289716018 , 1.1268776930878295E141
6.925476217686572E140 , 1215.8556289716018 , 1.128132772222472E141
1.4625342466561425E141 , 1215.8556289716018 , 8.991831479007355E140
1.6716522276767977E141 , 1215.8556289716018 , 1.6108156967181325E141
1.600274881000875E140 , 1215.8556289716018 , 8.662312696272237E140
1.6284341483071546E141 , 1215.8556289716018 , 8.41977001953165E140
9.260210077437245E140 , 1215.8556289716018 , 1.1794661044077943E141
9.686116726235287E140 , 1215.8556289716018 , 5.440496117625277E140
8.853016820273422E140 , 1215.8556289716018 , 8.349947775903221E140
1.1816255880516416E141 , 1215.8556289716018 , 5.969072604909883E140
1.4017054664731744E141 , 1215.8556289716018 , 5.980203098538532E140
1.0628559537988848E141 , 1215.8556289716018 , 1.1721041334512487E141
1.1975223786297836E141 , 1215.8556289716018 , 1.0686708380725585E141
2.2424216881709646E141 , 1215.8556289716018 , 1.23701987052833E141
3.119816483334037E141 , 1215.8556289716018 , 2.271074141917924E141
6.016108236759853E141 , 1215.8556289716018 , 2.0781279617632774E141
1.025153590102165E142 , 1215.8556289716018 , 8.121856161559543E141
5.808069678138215E141 , 1215.8556289716018 , 2.6296531483907854E141
1.6579369342413072E142 , 1215.8556289716018 , 1.1447420168349936E142
1.1940990611402546E142 , 1215.8556289716018 , 2.6598456883455427E141
2.36605586763718E142 , 1215.8556289716018 , 1.8405684615854352E142
8.644664523790504E141 , 1215.8556289716018 , 8.376385493219648E141
3.160608490702582E142 , 1215.8556289716018 , 2.0253394224908845E142
1.3391299666629592E142 , 1215.8556289716018 , 1.0378818739434888E142
2.3535347140898178E142 , 1215.8556289716018 , 1.8294528758584334E142
1.3350644576786105E142 , 1215.8556289716018 , 1.8931348920034127E142
2.868447276895687E142 , 1215.8556289716018 , 8.117126758361934E141
8.941291105842126E141 , 1215.8556289716018 , 1.1090778769111712E142
1.8497123909850454E142 , 1215.8556289716018 , 1.3443986553894486E142
3.369908564923965E142 , 1215.8556289716018 , 8.684750144961055E141
7.749087442821912E141 , 1215.8556289716018 , 2.118864039651101E142
3.419241412543718E142 , 1215.8556289716018 , 1.42278696847406E142
2.8385096030447703E141 , 1215.8556289716018 , 1.889332492650074E142
3.4873558854018653E142 , 1215.8556289716018 , 1.7035170498757463E142
3.8750750134849966E142 , 1215.8556289716018 , 3.723684319611911E142
1.6697356803493038E142 , 1215.8556289716018 , 1.1619869596805117E142
2.555994313806674E142 , 1215.8556289716018 , 2.1838011872886315E142
6.176460055486233E141 , 1215.8556289716018 , 1.0317375033693796E142
2.923912231613573E142 , 1215.8556289716018 , 1.8180046214356857E142
2.972823034002548E142 , 1215.8556289716018 , 2.860647536752892E142
1.2408070405576334E142 , 1215.8556289716018 , 2.1123026779596798E142
2.1793718999271594E142 , 1215.8556289716018 , 6.622320350747228E141
1.1858266044352735E142 , 1215.8556289716018 , 1.618667363650504E142
3.232321259887882E142 , 1215.8556289716018 , 1.2791055370153706E142
1.496319919282492E142 , 1215.8556289716018 , 1.1227698734299466E142
3.4019920440942437E142 , 1215.8556289716018 , 2.470791175726566E142
4.404786126122933E142 , 1215.8556289716018 , 5.9879954457413966E141
2.588528216352846E142 , 1215.8556289716018 , 3.5331082693459833E142
8.112106228192233E142 , 1215.8556289716018 , 2.976190003043402E142
1.4301794996536198E143 , 1215.8556289716018 , 1.1541485414448833E143
5.110195196245389E142 , 1215.8556289716018 , 5.059113917951599E142
1.7381701009732876E143 , 1215.8556289716018 , 1.1353998336045075E143
3.6714444616300346E143 , 1215.8556289716018 , 1.0375533647516393E143
2.828889402219682E143 , 1215.8556289716018 , 3.3558144197542855E143
5.45985784522104E143 , 1215.8556289716018 , 1.3686662269297412E143
2.3626607999946985E143 , 1215.8556289716018 , 4.033900414114276E143
1.8906531297394144E143 , 1215.8556289716018 , 2.762764969914959E142
2.2697631026082483E143 , 1215.8556289716018 , 2.1471593044786405E143
1.9720840623292234E143 , 1215.8556289716018 , 2.346075670319387E142
2.1297890009682786E143 , 1215.8556289716018 , 2.103283856754294E143
1.3073647450065583E143 , 1215.8556289716018 , 4.3633385188636085E142
3.6497729658104454E143 , 1215.8556289716018 , 2.5473492355720447E143
4.9177167758899765E143 , 1215.8556289716018 , 7.554229219662133E142
7.069809810998072E143 , 1215.8556289716018 , 6.1993094596346795E143
9.958159038550552E143 , 1215.8556289716018 , 1.573756379112783E143
8.236141164042845E143 , 1215.8556289716018 , 9.395189304455063E143
2.5958824776559476E144 , 1215.8556289716018 , 9.233112649436483E143
3.2564132943898524E144 , 1215.8556289716018 , 3.538932779296171E143
5.2611487334153575E144 , 1215.8556289716018 , 4.3988187711768985E144
1.019132084327837E145 , 1215.8556289716018 , 2.558325287693411E144
2.0319203442414992E144 , 1215.8556289716018 , 6.312099710773304E144
8.797624900303969E144 , 1215.8556289716018 , 3.511081724861236E144
1.1732238747068836E145 , 1215.8556289716018 , 1.0617638996566226E145
1.890166366987229E145 , 1215.8556289716018 , 3.7098094335185615E144
1.3855829170735095E145 , 1215.8556289716018 , 2.6337651388189586E144
5.6682351028306906E144 , 1215.8556289716018 , 1.0082798821185417E145
1.4444850586198E145 , 1215.8556289716018 , 4.563974226842422E144
1.6830574516457893E145 , 1215.8556289716018 , 1.6161692903448745E145
1.5421629744844026E145 , 1215.8556289716018 , 7.745359056702813E143
2.393382258054239E145 , 1215.8556289716018 , 2.0331981884773093E145
3.2723099117180924E145 , 1215.8556289716018 , 4.58058918181104E144
2.0172467738361088E145 , 1215.8556289716018 , 2.732148966800908E145
2.9876729364991466E145 , 1215.8556289716018 , 5.071011662579615E144
1.4276039655233804E145 , 1215.8556289716018 , 2.279046745820581E145
3.9060560896024106E145 , 1215.8556289716018 , 1.289208687774102E145
3.489882710157606E145 , 1215.8556289716018 , 2.204291786183555E144
2.3793785577680032E145 , 1215.8556289716018 , 3.034123271978767E145
5.269667647164004E145 , 1215.8556289716018 , 1.498256444164683E145
3.131165905739843E145 , 1215.8556289716018 , 1.1260226272220113E145
3.9043908994738333E145 , 1215.8556289716018 , 3.632588840406136E145
5.19793808296933E145 , 1215.8556289716018 , 6.760122871521024E144
7.928668960814556E145 , 1215.8556289716018 , 6.78539195897861E145
1.029923079754273E146 , 1215.8556289716018 , 1.2322824901407643E145
2.2736445960562252E146 , 1215.8556289716018 , 1.7078636814058998E146
4.881551749821359E146 , 1215.8556289716018 , 1.3498901477868853E146
3.4044409647359876E145 , 1215.8556289716018 , 2.7008420214141192E146
5.236918242277814E146 , 1215.8556289716018 , 2.5329352936057863E146
2.0671733619176657E146 , 1215.8556289716018 , 3.7775309983954214E146
7.568333969170595E146 , 1215.8556289716018 , 2.8459549194316125E146
8.140261977618868E146 , 1215.8556289716018 , 2.9873540779484844E145
1.5733248383108838E147 , 1215.8556289716018 , 1.2347787253598909E147
8.36973435435792E146 , 1215.8556289716018 , 3.810014250421588E146
3.596127504385518E146 , 1215.8556289716018 , 6.187963259583255E146
8.373844000744428E146 , 1215.8556289716018 , 2.47497639369008E146
1.0516517290565795E147 , 1215.8556289716018 , 1.1094940669990983E146
7.607163971580603E146 , 1215.8556289716018 , 9.372901930381838E146
6.694864073296655E146 , 1215.8556289716018 , 4.764626056014852E145
3.2222527464303246E146 , 1215.8556289716018 , 5.129160864049729E146
3.6040990562513713E146 , 1215.8556289716018 , 1.9838067505328817E145
4.638431052917999E146 , 1215.8556289716018 , 4.2633769919983845E146
4.13574115913425E146 , 1215.8556289716018 , 2.625640290770764E145
2.3998571410560494E146 , 1215.8556289716018 , 3.378953764737116E146
6.583714501494154E146 , 1215.8556289716018 , 2.165768711283539E146
4.37394020368057E146 , 1215.8556289716018 , 5.666263057102243E146
2.0010242154673278E146 , 1215.8556289716018 , 1.2320930376469493E146
1.661440882991542E146 , 1215.8556289716018 , 1.891289664267296E146
1.8655231550205796E146 , 1215.8556289716018 , 1.1500383975011883E145
2.028788833888496E146 , 1215.8556289716018 , 2.00788984736984E146
2.3759923590413365E146 , 1215.8556289716018 , 1.854023244688001E145
2.4503437234981473E146 , 1215.8556289716018 , 2.4928435540322302E146
1.4550730724548985E146 , 1215.8556289716018 , 5.320644470763291E145
2.785447289233051E146 , 1215.8556289716018 , 2.1898554069564858E146
4.7545428726773063E145 , 1215.8556289716018 , 1.2102235810366354E146
3.1406919532621646E146 , 1215.8556289716018 , 1.8558341158984285E146
3.2520163973559293E145 , 1215.8556289716018 , 1.4764846754299693E146
3.467753169028198E146 , 1215.8556289716018 , 1.9551525138211288E146
1.2303627655185434E145 , 1215.8556289716018 , 1.7507401783806259E146
3.4881713636659235E146 , 1215.8556289716018 , 1.8555001369323633E146
1.9185688211528812E145 , 1215.8556289716018 , 1.894741973511145E146
3.5133482304563825E146 , 1215.8556289716018 , 1.7283475027075463E146
4.6222804514341553E145 , 1215.8556289716018 , 2.0560415324767484E146
3.786006251067793E146 , 1215.8556289716018 , 1.7963856492431944E146
2.9035274282359054E145 , 1215.8556289716018 , 2.099261291062829E146
3.9240643637978213E146 , 1215.8556289716018 , 1.9386327352113277E146
5.782224638561717E145 , 1215.8556289716018 , 1.7912235635007706E146
3.839090375443363E146 , 1215.8556289716018 , 2.283395861105048E146
1.0946664901206546E146 , 1215.8556289716018 , 2.5421849777983217E146
4.133870907104151E146 , 1215.8556289716018 , 1.6606038935875885E146
1.9575067829865666E146 , 1215.8556289716018 , 3.0796923502843477E146
5.912175432178749E146 , 1215.8556289716018 , 2.174486178392742E146
7.791592743843184E146 , 1215.8556289716018 , 7.031075623610322E146
1.1890528424130722E147 , 1215.8556289716018 , 2.2617284178673507E146
2.8445339755846447E147 , 1215.8556289716018 , 2.076103495573977E147
6.6049636614643495E146 , 1215.8556289716018 , 1.8108471387153725E147
2.1988585617790336E147 , 1215.8556289716018 , 7.98546999980748E146
2.161151819194779E147 , 1215.8556289716018 , 2.2423609941217832E147
2.544432948834651E147 , 1215.8556289716018 , 2.088792492795144E146
1.3953684849128732E147 , 1215.8556289716018 , 2.0342222580064016E147
3.8026181072269265E147 , 1215.8556289716018 , 1.3108279362025504E147
2.101363773291221E147 , 1215.8556289716018 , 3.0377702626166168E147
5.9789659734747E147 , 1215.8556289716018 , 2.0421226685627975E147
7.532323865307604E146 , 1215.8556289716018 , 3.447214488990069E147
6.274992709236094E147 , 1215.8556289716018 , 2.896272715208146E147
4.97869798805109E147 , 1215.8556289716018 , 7.14922305273544E146
1.4803653244039513E148 , 1215.8556289716018 , 1.0219967700364772E148
9.973176804078067E147 , 1215.8556289716018 , 2.540475603060667E147
2.7317787000920905E148 , 1215.8556289716018 , 1.9277525478696E148
1.441344483081211E148 , 1215.8556289716018 , 2.1580545982131278E148
3.543920200937217E148 , 1215.8556289716018 , 1.0881446466265347E148
3.3500230268413676E148 , 1215.8556289716018 , 1.153994861460449E147
5.697862378133229E148 , 1215.8556289716018 , 4.6688767024732857E148
7.434408403998166E148 , 1215.8556289716018 , 9.150789346918458E147
1.237334114421634E149 , 1215.8556289716018 , 1.0228522967988567E149
1.9147670678074683E149 , 1215.8556289716018 , 3.528792363068091E148
1.0769276939568183E149 , 1215.8556289716018 , 4.3356110268656815E148
9.19801885894593E148 , 1215.8556289716018 , 1.0327489497563769E149
2.0989136784533346E149 , 1215.8556289716018 , 6.119300457746194E148
1.998429155893022E148 , 1215.8556289716018 , 1.1888218837040268E149
2.18656064302511E149 , 1215.8556289716018 , 1.0321088341893403E149
5.163709457541281E148 , 1215.8556289716018 , 1.3971167961666145E149
2.5719871284091074E149 , 1215.8556289716018 , 1.06665298459909E149
9.704685013590515E148 , 1215.8556289716018 , 1.8316515258492115E149
3.232717620921146E149 , 1215.8556289716018 , 1.172440844905361E149
2.30462986506956E149 , 1215.8556289716018 , 2.858021612542923E149
6.060489196179435E148 , 1215.8556289716018 , 8.911166926493683E148
2.7344092674568205E149 , 1215.8556289716018 , 1.7159715056067437E149
1.0942702144763151E149 , 1215.8556289716018 , 8.584854138714113E148
2.501607694010291E149 , 1215.8556289716018 , 1.8500024783243627E149
4.7744684956673656E148 , 1215.8556289716018 , 1.060675322147566E149
2.587085304490499E149 , 1215.8556289716018 , 1.5770363263521727E149
1.1657745868363067E149 , 1215.8556289716018 , 7.386436589307211E148
3.855013956461269E149 , 1215.8556289716018 , 2.5950324389860763E149
5.240816877441641E149 , 1215.8556289716018 , 7.2684650262892E148
3.4428125336041703E149 , 1215.8556289716018 , 4.483839471680645E149
3.1491073007438237E148 , 1215.8556289716018 , 1.6243752282898645E149
3.4819710315102493E149 , 1215.8556289716018 , 1.9575237862904899E149
5.0018772004534775E149 , 1215.8556289716018 , 4.3866078790083945E149
4.2947583915234485E149 , 1215.8556289716018 , 3.749771158288847E148
5.0482154542902355E148 , 1215.8556289716018 , 1.9629752535145488E149
4.5145219971534975E149 , 1215.8556289716018 , 2.593698024114733E149
1.5584086422113474E149 , 1215.8556289716018 , 3.1347145511444752E149
4.238121806385998E149 , 1215.8556289716018 , 1.392929312325129E149
7.789189005618367E149 , 1215.8556289716018 , 6.219472063079646E149
8.00708671394036E149 , 1215.8556289716018 , 1.1749956617670635E148
3.758335659251865E149 , 1215.8556289716018 , 6.083245242780672E149
8.65922604224939E149 , 1215.8556289716018 , 2.544234799956198E149
1.3030128030258135E149 , 1215.8556289716018 , 3.821676773011935E149
1.0648455063743579E150 , 1215.8556289716018 , 6.174662137917815E149
1.6157221257238457E149 , 1215.8556289716018 , 4.681877014125249E149
1.3542023078701412E150 , 1215.8556289716018 , 7.832742199703278E149
9.027249440368414E149 , 1215.8556289716018 , 1.1666233749799977E150
1.830299525201848E150 , 1215.8556289716018 , 4.815544982086637E149
8.26384611993364E149 , 1215.8556289716018 , 1.3735164539324917E150
2.072799661845922E150 , 1215.8556289716018 , 6.460126323105401E149
9.091413052207606E149 , 1215.8556289716018 , 1.5419227971763742E150
2.1540067410399646E150 , 1215.8556289716018 , 6.458218777651174E149
1.9677544158295938E150 , 1215.8556289716018 , 2.129545975444986E150
3.7758868297139264E150 , 1215.8556289716018 , 9.386332098948453E149
3.3694511361530256E150 , 1215.8556289716018 , 2.1283630310731197E149
7.626083302630465E150 , 1215.8556289716018 , 5.687364744498846E150
2.5290335540580067E150 , 1215.8556289716018 , 5.24120519231572E150
6.733559261669922E150 , 1215.8556289716018 , 2.1895419914588345E150
5.7314729958699395E150 , 1215.8556289716018 , 6.434290688303695E150
6.5130477836755274E150 , 1215.8556289716018 , 4.297741961541114E149
8.144867783721102E150 , 1215.8556289716018 , 7.565591030668053E150
4.4459030460224035E150 , 1215.8556289716018 , 6.511171111222378E150
1.2089740121984552E151 , 1215.8556289716018 , 3.975501616656796E150
4.862375870791723E150 , 1215.8556289716018 , 8.767724303094422E150
9.948586326305243E150 , 1215.8556289716018 , 2.638758128685967E150
1.1284419598386017E151 , 1215.8556289716018 , 1.0982581300988479E151
2.195104268309395E151 , 1215.8556289716018 , 5.521060970752623E150
Infinity , 1215.8556289716018 , 4.6310838606927944E150
1.9977427886326213E151 , 1215.8556289716018 , Infinity
1.786290679353609E151 , 1215.8556289716018 , 1.1648109570434861E150
2.337044447715455E151 , 1215.8556289716018 , Infinity
3.723872665716279E150 , 1215.8556289716018 , 1.0163092448112353E151
2.624487785022743E151 , 1215.8556289716018 , Infinity
2.006206619361619E150 , 1215.8556289716018 , 1.2540290458558635E151
2.7375478567204316E151 , 1215.8556289716018 , Infinity
Infinity , 1215.8556289716018 , 8.705450791416965E150
Infinity , 1215.8556289716018 , 6.29724302433163E150
9.180330878992258E150 , 1215.8556289716018 , Infinity
Infinity , 1215.8556289716018 , Infinity
Infinity , 1215.8556289716018 , 1.6441781390954702E150
2.801259012687041E151 , 1215.8556289716018 , Infinity
1.64706033493168E151 , 1215.8556289716018 , 6.055941051522457E150
2.9508376886801995E151 , 1215.8556289716018 , Infinity
1.9693131794282773E150 , 1215.8556289716018 , 1.4301420785639703E151
2.767750512688346E151 , 1215.8556289716018 , Infinity
7.931199298414203E150 , 1215.8556289716018 , Infinity
Infinity , 1215.8556289716018 , 1.2899406866516406E151
2.0107280655943656E151 , 1215.8556289716018 , 6.640327550243752E150
Infinity , 1215.8556289716018 , Infinity
2.8880948554304284E151 , 1215.8556289716018 , Infinity
Infinity , 1215.8556289716018 , Infinity
Infinity , 1215.8556289716018 , Infinity
Infinity , 1215.8556289716018 , Infinity
Infinity , 1215.8556289716018 , 6.628896226917568E150
1.6443036538177505E150 , 1215.8556289716018 , Infinity
Infinity , 1215.8556289716018 , Infinity
4.928657637941116E150 , 1215.8556289716018 , Infinity
Infinity , 1215.8556289716018 , Infinity
Infinity , 1215.8556289716018 , Infinity
Infinity , 1215.8556289716018 , Infinity
Infinity , 1215.8556289716018 , Infinity
Infinity , 1215.8556289716018 , Infinity
Infinity , 1215.8556289716018 , Infinity
Infinity , 1215.8556289716018 , Infinity
Infinity , 1215.8556289716018 , Infinity
Infinity , 1215.8556289716018 , Infinity
Infinity , 1215.8556289716018 , Infinity
Infinity , 1215.8556289716018 , Infinity
Infinity , 1215.8556289716018 , Infinity
1.0336956351539249E151 , 1215.8556289716018 , Infinity
Infinity , 1215.8556289716018 , Infinity
Infinity , 1215.8556289716018 , Infinity
Infinity , 1215.8556289716018 , Infinity
Infinity , 1215.8556289716018 , Infinity
Infinity , 1215.8556289716018 , Infinity
Infinity , 1215.8556289716018 , Infinity
Infinity , 1215.8556289716018 , Infinity
Infinity , 1215.8556289716018 , Infinity
Infinity , 1215.8556289716018 , Infinity
Infinity , 1215.8556289716018 , Infinity
Infinity , 1215.8556289716018 , Infinity
Infinity , 1215.8556289716018 , Infinity
Infinity , 1215.8556289716018 , Infinity
Infinity , 1215.8556289716018 , Infinity
Infinity , 1215.8556289716018 , Infinity
Infinity , 1215.8556289716018 , Infinity
Infinity , 1215.8556289716018 , Infinity
Infinity , 1215.8556289716018 , Infinity
Infinity , 1215.8556289716018 , Infinity
Infinity , 1215.8556289716018 , Infinity
Infinity , 1215.8556289716018 , Infinity
Infinity , 1215.8556289716018 , Infinity
Infinity , 1215.8556289716018 , Infinity
Infinity , 1215.8556289716018 , Infinity
Infinity , 1215.8556289716018 , Infinity
Infinity , 1215.8556289716018 , Infinity
Infinity , 1215.8556289716018 , Infinity
Infinity , 1215.8556289716018 , Infinity
Infinity , 1215.8556289716018 , Infinity
Infinity , 1215.8556289716018 , Infinity
Infinity , 1215.8556289716018 , Infinity
Infinity , 1215.8556289716018 , Infinity
Infinity , 1215.8556289716018 , Infinity
Infinity , 1215.8556289716018 , Infinity
Infinity , 1215.8556289716018 , Infinity
Infinity , 1215.8556289716018 , Infinity
Infinity , 1215.8556289716018 , Infinity
Infinity , 1215.8556289716018 , Infinity
Infinity , 1215.8556289716018 , Infinity
Infinity , 1215.8556289716018 , Infinity
Infinity , 1215.8556289716018 , Infinity
Infinity , 1215.8556289716018 , Infinity
Infinity , 1215.8556289716018 , Infinity
Infinity , 1215.8556289716018 , Infinity
Infinity , 1215.8556289716018 , Infinity
Infinity , 1215.8556289716018 , Infinity
Infinity , 1215.8556289716018 , Infinity
Infinity , 1215.8556289716018 , Infinity
Infinity , 1215.8556289716018 , Infinity
Infinity , 1215.8556289716018 , Infinity
Infinity , 1215.8556289716018 , Infinity
Infinity , 1215.8556289716018 , Infinity
Infinity , 1215.8556289716018 , Infinity
Infinity , 1215.8556289716018 , Infinity
Infinity , 1215.8556289716018 , Infinity
Infinity , 1215.8556289716018 , Infinity
Infinity , 1215.8556289716018 , Infinity
Infinity , 1215.8556289716018 , Infinity
Infinity , 1215.8556289716018 , Infinity
Infinity , 1215.8556289716018 , Infinity
Infinity , 1215.8556289716018 , Infinity
Infinity , 1215.8556289716018 , Infinity
Infinity , 1215.8556289716018 , Infinity
Infinity , 1215.8556289716018 , Infinity
Infinity , 1215.8556289716018 , Infinity
Infinity , 1215.8556289716018 , Infinity
Infinity , 1215.8556289716018 , Infinity
Infinity , 1215.8556289716018 , Infinity
Infinity , 1215.8556289716018 , Infinity
Infinity , 1215.8556289716018 , Infinity
Infinity , 1215.8556289716018 , Infinity
Infinity , 1215.8556289716018 , Infinity
Infinity , 1215.8556289716018 , Infinity
Infinity , 1215.8556289716018 , Infinity
Infinity , 1215.8556289716018 , Infinity
Infinity , 1215.8556289716018 , Infinity
Infinity , 1215.8556289716018 , Infinity
Infinity , 1215.8556289716018 , Infinity
Infinity , 1215.8556289716018 , Infinity
Infinity , 1215.8556289716018 , Infinity
Infinity , 1215.8556289716018 , Infinity
Infinity , 1215.8556289716018 , Infinity
Infinity , 1215.8556289716018 , Infinity
Infinity , 1215.8556289716018 , Infinity
Infinity , 1215.8556289716018 , Infinity
Infinity , 1215.8556289716018 , Infinity
Infinity , 1215.8556289716018 , Infinity
Infinity , 1215.8556289716018 , Infinity
Infinity , 1215.8556289716018 , Infinity
Infinity , 1215.8556289716018 , Infinity
Infinity , 1215.8556289716018 , Infinity
Infinity , 1215.8556289716018 , Infinity
Infinity , 1215.8556289716018 , Infinity
Infinity , 1215.8556289716018 , Infinity
Infinity , 1215.8556289716018 , Infinity
Infinity , 1215.8556289716018 , Infinity
Infinity , 1215.8556289716018 , Infinity
Infinity , 1215.8556289716018 , Infinity
Infinity , 1215.8556289716018 , Infinity
Infinity , 1215.8556289716018 , Infinity
Infinity , 1215.8556289716018 , Infinity
Infinity , 1215.8556289716018 , Infinity
Infinity , 1215.8556289716018 , Infinity
Infinity , 1215.8556289716018 , Infinity
Infinity , 1215.8556289716018 , Infinity
Infinity , 1215.8556289716018 , Infinity
Infinity , 1215.8556289716018 , Infinity
Infinity , 1215.8556289716018 , Infinity
Infinity , 1215.8556289716018 , Infinity
Infinity , 1215.8556289716018 , Infinity
Infinity , 1215.8556289716018 , Infinity
Infinity , 1215.8556289716018 , Infinity
Infinity , 1215.8556289716018 , Infinity
Infinity , 1215.8556289716018 , Infinity
Infinity , 1215.8556289716018 , Infinity
Infinity , 1215.8556289716018 , Infinity
Infinity , 1215.8556289716018 , Infinity
Infinity , 1215.8556289716018 , Infinity
Infinity , 1215.8556289716018 , Infinity
Infinity , 1215.8556289716018 , Infinity
Infinity , 1215.8556289716018 , Infinity
Infinity , 1215.8556289716018 , Infinity
Infinity , 1215.8556289716018 , Infinity
Infinity , 1215.8556289716018 , Infinity
Infinity , 1215.8556289716018 , Infinity
Infinity , 1215.8556289716018 , Infinity
Infinity , 1215.8556289716018 , Infinity
Infinity , 1215.8556289716018 , Infinity
Infinity , 1215.8556289716018 , Infinity
Infinity , 1215.8556289716018 , Infinity
Infinity , 1215.8556289716018 , Infinity
Infinity , 1215.8556289716018 , Infinity
Infinity , 1215.8556289716018 , Infinity
Infinity , 1215.8556289716018 , Infinity
Infinity , 1215.8556289716018 , Infinity
Infinity , 1215.8556289716018 , Infinity
Infinity , 1215.8556289716018 , Infinity
Infinity , 1215.8556289716018 , Infinity
Infinity , 1215.8556289716018 , Infinity
Infinity , 1215.8556289716018 , Infinity
Infinity , 1215.8556289716018 , Infinity
Infinity , 1215.8556289716018 , Infinity
Infinity , 1215.8556289716018 , Infinity
Infinity , 1215.8556289716018 , Infinity
Infinity , 1215.8556289716018 , Infinity
Infinity , 1215.8556289716018 , Infinity
Infinity , 1215.8556289716018 , Infinity
Infinity , 1215.8556289716018 , Infinity
Infinity , 1215.8556289716018 , Infinity
Infinity , 1215.8556289716018 , Infinity
Infinity , 1215.8556289716018 , Infinity
Infinity , 1215.8556289716018 , Infinity
Infinity , 1215.8556289716018 , Infinity
Infinity , 1215.8556289716018 , Infinity
Infinity , 1215.8556289716018 , Infinity
Infinity , 1215.8556289716018 , Infinity
Infinity , 1215.8556289716018 , Infinity
Infinity , 1215.8556289716018 , Infinity
Infinity , 1215.8556289716018 , Infinity
Infinity , 1215.8556289716018 , Infinity
Infinity , 1215.8556289716018 , Infinity
Infinity , 1215.8556289716018 , Infinity
Infinity , 1215.8556289716018 , Infinity
Infinity , 1215.8556289716018 , Infinity
Infinity , 1215.8556289716018 , Infinity
Infinity , 1215.8556289716018 , Infinity
Infinity , 1215.8556289716018 , Infinity
Infinity , 1215.8556289716018 , Infinity
Infinity , 1215.8556289716018 , Infinity
Infinity , 1215.8556289716018 , Infinity
Infinity , 1215.8556289716018 , Infinity
Infinity , 1215.8556289716018 , Infinity
Infinity , 1215.8556289716018 , Infinity
Infinity , 1215.8556289716018 , Infinity
Infinity , 1215.8556289716018 , Infinity
Infinity , 1215.8556289716018 , Infinity
Infinity , 1215.8556289716018 , Infinity
Infinity , 1215.8556289716018 , Infinity
Infinity , 1215.8556289716018 , Infinity
Infinity , 1215.8556289716018 , Infinity
Infinity , 1215.8556289716018 , Infinity
Infinity , 1215.8556289716018 , Infinity
Infinity , 1215.8556289716018 , Infinity
Infinity , 1215.8556289716018 , Infinity
Infinity , 1215.8556289716018 , Infinity
Infinity , 1215.8556289716018 , Infinity
Infinity , 1215.8556289716018 , Infinity
Infinity , 1215.8556289716018 , Infinity
Infinity , 1215.8556289716018 , Infinity
Infinity , 1215.8556289716018 , Infinity
Infinity , 1215.8556289716018 , Infinity
Infinity , 1215.8556289716018 , Infinity
Infinity , 1215.8556289716018 , Infinity
Infinity , 1215.8556289716018 , Infinity
Infinity , 1215.8556289716018 , Infinity
Infinity , 1215.8556289716018 , Infinity
Infinity , 1215.8556289716018 , Infinity
Infinity , 1215.8556289716018 , Infinity
Infinity , 1215.8556289716018 , Infinity
Infinity , 1215.8556289716018 , Infinity
Infinity , 1215.8556289716018 , Infinity
Infinity , 1215.8556289716018 , Infinity
Infinity , 1215.8556289716018 , Infinity
Infinity , 1215.8556289716018 , Infinity
Infinity , 1215.8556289716018 , Infinity
Infinity , 1215.8556289716018 , Infinity
Infinity , 1215.8556289716018 , Infinity
Infinity , 1215.8556289716018 , Infinity
Infinity , 1215.8556289716018 , Infinity
Infinity , 1215.8556289716018 , Infinity
Infinity , 1215.8556289716018 , Infinity
Infinity , 1215.8556289716018 , Infinity
Infinity , 1215.8556289716018 , Infinity
Infinity , 1215.8556289716018 , Infinity
Infinity , 1215.8556289716018 , Infinity
Infinity , 1215.8556289716018 , Infinity
Infinity , 1215.8556289716018 , Infinity
Infinity , 1215.8556289716018 , Infinity
Infinity , 1215.8556289716018 , Infinity
Infinity , 1215.8556289716018 , Infinity
Infinity , 1215.8556289716018 , Infinity
Infinity , 1215.8556289716018 , Infinity
Infinity , 1215.8556289716018 , Infinity
Infinity , 1215.8556289716018 , Infinity
Infinity , 1215.8556289716018 , Infinity
Infinity , 1215.8556289716018 , Infinity
Infinity , 1215.8556289716018 , Infinity
Infinity , 1215.8556289716018 , Infinity
Infinity , 1215.8556289716018 , Infinity
Infinity , 1215.8556289716018 , Infinity
Infinity , 1215.8556289716018 , Infinity
Infinity , 1215.8556289716018 , Infinity
Infinity , 1215.8556289716018 , Infinity
Infinity , 1215.8556289716018 , Infinity
Infinity , 1215.8556289716018 , Infinity
Infinity , 1215.8556289716018 , Infinity
Infinity , 1215.8556289716018 , Infinity
Infinity , 1215.8556289716018 , Infinity
Infinity , 1215.8556289716018 , Infinity
Infinity , 1215.8556289716018 , Infinity
Infinity , 1215.8556289716018 , Infinity
Infinity , 1215.8556289716018 , Infinity
Infinity , 1215.8556289716018 , Infinity
Infinity , 1215.8556289716018 , Infinity
Infinity , 1215.8556289716018 , Infinity
Infinity , 1215.8556289716018 , Infinity
Infinity , 1215.8556289716018 , Infinity
Infinity , 1215.8556289716018 , Infinity
Infinity , 1215.8556289716018 , Infinity
Infinity , 1215.8556289716018 , Infinity
Infinity , 1215.8556289716018 , Infinity
Infinity , 1215.8556289716018 , Infinity
Infinity , 1215.8556289716018 , Infinity
Infinity , 1215.8556289716018 , Infinity
Infinity , 1215.8556289716018 , Infinity
Infinity , 1215.8556289716018 , Infinity
Infinity , 1215.8556289716018 , Infinity
Infinity , 1215.8556289716018 , Infinity
Infinity , 1215.8556289716018 , Infinity
Infinity , 1215.8556289716018 , Infinity
Infinity , 1215.8556289716018 , Infinity
Infinity , 1215.8556289716018 , Infinity
Infinity , 1215.8556289716018 , Infinity
Infinity , 1215.8556289716018 , Infinity
Infinity , 1215.8556289716018 , Infinity
Infinity , 1215.8556289716018 , Infinity
Infinity , 1215.8556289716018 , Infinity
Infinity , 1215.8556289716018 , Infinity
Infinity , 1215.8556289716018 , Infinity
Infinity , 1215.8556289716018 , Infinity
Infinity , 1215.8556289716018 , Infinity
Infinity , 1215.8556289716018 , Infinity
Infinity , 1215.8556289716018 , Infinity
Infinity , 1215.8556289716018 , Infinity
Infinity , 1215.8556289716018 , Infinity
Infinity , 1215.8556289716018 , Infinity
Infinity , 1215.8556289716018 , Infinity
Infinity , 1215.8556289716018 , Infinity
Infinity , 1215.8556289716018 , Infinity
Infinity , 1215.8556289716018 , Infinity
Infinity , 1215.8556289716018 , Infinity
Infinity , 1215.8556289716018 , Infinity
Infinity , 1215.8556289716018 , Infinity
Infinity , 1215.8556289716018 , Infinity
Infinity , 1215.8556289716018 , Infinity
Infinity , 1215.8556289716018 , Infinity
Infinity , 1215.8556289716018 , Infinity
Infinity , 1215.8556289716018 , Infinity
Infinity , 1215.8556289716018 , Infinity
Infinity , 1215.8556289716018 , Infinity
Infinity , 1215.8556289716018 , Infinity
Infinity , 1215.8556289716018 , Infinity
Infinity , 1215.8556289716018 , Infinity
Infinity , 1215.8556289716018 , Infinity
Infinity , 1215.8556289716018 , Infinity
Infinity , 1215.8556289716018 , Infinity
Infinity , 1215.8556289716018 , Infinity
Infinity , 1215.8556289716018 , Infinity
Infinity , 1215.8556289716018 , Infinity
Infinity , 1215.8556289716018 , Infinity
Infinity , 1215.8556289716018 , Infinity
Infinity , 1215.8556289716018 , Infinity
Infinity , 1215.8556289716018 , Infinity
Infinity , 1215.8556289716018 , Infinity
Infinity , 1215.8556289716018 , Infinity
Infinity , 1215.8556289716018 , Infinity
Infinity , 1215.8556289716018 , Infinity
Infinity , 1215.8556289716018 , Infinity
Infinity , 1215.8556289716018 , Infinity
Infinity , 1215.8556289716018 , Infinity
Infinity , 1215.8556289716018 , Infinity
Infinity , 1215.8556289716018 , Infinity
Infinity , 1215.8556289716018 , Infinity
Infinity , 1215.8556289716018 , Infinity
Infinity , 1215.8556289716018 , Infinity
Infinity , 1215.8556289716018 , Infinity
Infinity , 1215.8556289716018 , Infinity
Infinity , 1215.8556289716018 , Infinity
Infinity , 1215.8556289716018 , Infinity
Infinity , 1215.8556289716018 , Infinity
Infinity , 1215.8556289716018 , Infinity
Infinity , 1215.8556289716018 , Infinity
Infinity , 1215.8556289716018 , Infinity
Infinity , 1215.8556289716018 , Infinity
Infinity , 1215.8556289716018 , Infinity
Infinity , 1215.8556289716018 , Infinity
Infinity , 1215.8556289716018 , Infinity
Infinity , 1215.8556289716018 , Infinity
Infinity , 1215.8556289716018 , Infinity
Infinity , 1215.8556289716018 , Infinity
Infinity , 1215.8556289716018 , Infinity
Infinity , 1215.8556289716018 , Infinity
Infinity , 1215.8556289716018 , Infinity
Infinity , 1215.8556289716018 , Infinity
Infinity , 1215.8556289716018 , Infinity
Infinity , 1215.8556289716018 , Infinity
Infinity , 1215.8556289716018 , Infinity
Infinity , 1215.8556289716018 , Infinity
Infinity , 1215.8556289716018 , Infinity
Infinity , 1215.8556289716018 , Infinity
Infinity , 1215.8556289716018 , Infinity
Infinity , 1215.8556289716018 , Infinity
Infinity , 1215.8556289716018 , Infinity
Infinity , 1215.8556289716018 , Infinity
Infinity , 1215.8556289716018 , Infinity
Infinity , 1215.8556289716018 , Infinity
Infinity , 1215.8556289716018 , Infinity
Infinity , 1215.8556289716018 , Infinity
Infinity , 1215.8556289716018 , Infinity
Infinity , 1215.8556289716018 , Infinity
Infinity , 1215.8556289716018 , Infinity
Infinity , 1215.8556289716018 , Infinity
Infinity , 1215.8556289716018 , Infinity
Infinity , 1215.8556289716018 , Infinity
Infinity , 1215.8556289716018 , Infinity
Infinity , 1215.8556289716018 , Infinity
Infinity , 1215.8556289716018 , Infinity
Infinity , 1215.8556289716018 , Infinity
Infinity , 1215.8556289716018 , Infinity
Infinity , 1215.8556289716018 , Infinity
Infinity , 1215.8556289716018 , Infinity
Infinity , 1215.8556289716018 , Infinity
Infinity , 1215.8556289716018 , Infinity
Infinity , 1215.8556289716018 , Infinity
Infinity , 1215.8556289716018 , Infinity
Infinity , 1215.8556289716018 , Infinity
Infinity , 1215.8556289716018 , Infinity
Infinity , 1215.8556289716018 , Infinity
Infinity , 1215.8556289716018 , Infinity
Infinity , 1215.8556289716018 , Infinity
Infinity , 1215.8556289716018 , Infinity
Infinity , 1215.8556289716018 , Infinity
Infinity , 1215.8556289716018 , Infinity
Infinity , 1215.8556289716018 , Infinity
Infinity , 1215.8556289716018 , Infinity
Infinity , 1215.8556289716018 , Infinity
Infinity , 1215.8556289716018 , Infinity
Infinity , 1215.8556289716018 , Infinity
Infinity , 1215.8556289716018 , Infinity
Infinity , 1215.8556289716018 , Infinity
Infinity , 1215.8556289716018 , Infinity
Infinity , 1215.8556289716018 , Infinity
Infinity , 1215.8556289716018 , Infinity
Infinity , 1215.8556289716018 , Infinity
Infinity , 1215.8556289716018 , Infinity
Infinity , 1215.8556289716018 , Infinity
Infinity , 1215.8556289716018 , Infinity
Infinity , 1215.8556289716018 , Infinity
Infinity , 1215.8556289716018 , Infinity
Infinity , 1215.8556289716018 , Infinity
Infinity , 1215.8556289716018 , Infinity
Infinity , 1215.8556289716018 , Infinity
Infinity , 1215.8556289716018 , Infinity
Infinity , 1215.8556289716018 , Infinity
Infinity , 1215.8556289716018 , Infinity
Infinity , 1215.8556289716018 , Infinity
Infinity , 1215.8556289716018 , Infinity
Infinity , 1215.8556289716018 , Infinity
Infinity , 1215.8556289716018 , Infinity
Infinity , 1215.8556289716018 , Infinity
Infinity , 1215.8556289716018 , Infinity
Infinity , 1215.8556289716018 , Infinity
Infinity , 1215.8556289716018 , Infinity
Infinity , 1215.8556289716018 , Infinity
Infinity , 1215.8556289716018 , Infinity
Infinity , 1215.8556289716018 , Infinity
Infinity , 1215.8556289716018 , Infinity
Infinity , 1215.8556289716018 , Infinity
Infinity , 1215.8556289716018 , Infinity
Infinity , 1215.8556289716018 , Infinity
Infinity , 1215.8556289716018 , Infinity
Infinity , 1215.8556289716018 , Infinity
Infinity , 1215.8556289716018 , Infinity
Infinity , 1215.8556289716018 , Infinity
Infinity , 1215.8556289716018 , Infinity
Infinity , 1215.8556289716018 , Infinity
Infinity , 1215.8556289716018 , Infinity
Infinity , 1215.8556289716018 , Infinity
Infinity , 1215.8556289716018 , Infinity
Infinity , 1215.8556289716018 , Infinity
Infinity , 1215.8556289716018 , Infinity
Infinity , 1215.8556289716018 , Infinity
Infinity , 1215.8556289716018 , Infinity
Infinity , 1215.8556289716018 , Infinity
Infinity , 1215.8556289716018 , Infinity
Infinity , 1215.8556289716018 , Infinity
Infinity , 1215.8556289716018 , Infinity
Infinity , 1215.8556289716018 , Infinity
Infinity , 1215.8556289716018 , Infinity
Infinity , 1215.8556289716018 , Infinity
Infinity , 1215.8556289716018 , Infinity
Infinity , 1215.8556289716018 , Infinity
Infinity , 1215.8556289716018 , Infinity
Infinity , 1215.8556289716018 , Infinity
Infinity , 1215.8556289716018 , Infinity
Infinity , 1215.8556289716018 , Infinity
Infinity , 1215.8556289716018 , Infinity
Infinity , 1215.8556289716018 , Infinity
Infinity , 1215.8556289716018 , Infinity
Infinity , 1215.8556289716018 , Infinity
Infinity , 1215.8556289716018 , Infinity
Infinity , 1215.8556289716018 , Infinity
Infinity , 1215.8556289716018 , Infinity
Infinity , 1215.8556289716018 , Infinity
Infinity , 1215.8556289716018 , Infinity
Infinity , 1215.8556289716018 , Infinity
Infinity , 1215.8556289716018 , Infinity
Infinity , 1215.8556289716018 , Infinity
Infinity , 1215.8556289716018 , Infinity
Infinity , 1215.8556289716018 , Infinity
Infinity , 1215.8556289716018 , Infinity
Infinity , 1215.8556289716018 , Infinity
Infinity , 1215.8556289716018 , Infinity
Infinity , 1215.8556289716018 , Infinity
Infinity , 1215.8556289716018 , Infinity
Infinity , 1215.8556289716018 , Infinity
Infinity , 1215.8556289716018 , Infinity
Infinity , 1215.8556289716018 , Infinity
Infinity , 1215.8556289716018 , Infinity
Infinity , 1215.8556289716018 , Infinity
Infinity , 1215.8556289716018 , Infinity
Infinity , 1215.8556289716018 , Infinity
Infinity , 1215.8556289716018 , Infinity
Infinity , 1215.8556289716018 , Infinity
Infinity , 1215.8556289716018 , Infinity
Infinity , 1215.8556289716018 , Infinity
Infinity , 1215.8556289716018 , Infinity
Infinity , 1215.8556289716018 , Infinity
Infinity , 1215.8556289716018 , Infinity
Infinity , 1215.8556289716018 , Infinity
Infinity , 1215.8556289716018 , Infinity
Infinity , 1215.8556289716018 , Infinity
Infinity , 1215.8556289716018 , Infinity
Infinity , 1215.8556289716018 , Infinity
Infinity , 1215.8556289716018 , Infinity
Infinity , 1215.8556289716018 , Infinity
Infinity , 1215.8556289716018 , Infinity
Infinity , 1215.8556289716018 , Infinity
Infinity , 1215.8556289716018 , Infinity
Infinity , 1215.8556289716018 , Infinity
Infinity , 1215.8556289716018 , Infinity
Infinity , 1215.8556289716018 , Infinity
Infinity , 1215.8556289716018 , Infinity
Infinity , 1215.8556289716018 , Infinity
Infinity , 1215.8556289716018 , Infinity
Infinity , 1215.8556289716018 , Infinity
Infinity , 1215.8556289716018 , Infinity
Infinity , 1215.8556289716018 , Infinity
Infinity , 1215.8556289716018 , Infinity
Infinity , 1215.8556289716018 , Infinity
Infinity , 1215.8556289716018 , Infinity
Infinity , 1215.8556289716018 , Infinity
Infinity , 1215.8556289716018 , Infinity
Infinity , 1215.8556289716018 , Infinity
Infinity , 1215.8556289716018 , Infinity
Infinity , 1215.8556289716018 , Infinity
Infinity , 1215.8556289716018 , Infinity
Infinity , 1215.8556289716018 , Infinity
Infinity , 1215.8556289716018 , Infinity
Infinity , 1215.8556289716018 , Infinity
Infinity , 1215.8556289716018 , Infinity
Infinity , 1215.8556289716018 , Infinity
Infinity , 1215.8556289716018 , Infinity
Infinity , 1215.8556289716018 , Infinity
Infinity , 1215.8556289716018 , Infinity
Infinity , 1215.8556289716018 , Infinity
Infinity , 1215.8556289716018 , Infinity
Infinity , 1215.8556289716018 , Infinity
Infinity , 1215.8556289716018 , Infinity
Infinity , 1215.8556289716018 , Infinity
Infinity , 1215.8556289716018 , Infinity
Infinity , 1215.8556289716018 , Infinity
Infinity , 1215.8556289716018 , Infinity
Infinity , 1215.8556289716018 , Infinity
Infinity , 1215.8556289716018 , Infinity
Infinity , 1215.8556289716018 , Infinity
Infinity , 1215.8556289716018 , Infinity
Infinity , 1215.8556289716018 , Infinity
Infinity , 1215.8556289716018 , Infinity
Infinity , 1215.8556289716018 , Infinity
Infinity , 1215.8556289716018 , Infinity
Infinity , 1215.8556289716018 , Infinity
Infinity , 1215.8556289716018 , Infinity
Infinity , 1215.8556289716018 , Infinity
Infinity , 1215.8556289716018 , Infinity
Infinity , 1215.8556289716018 , Infinity
Infinity , 1215.8556289716018 , Infinity
Infinity , 1215.8556289716018 , Infinity
Infinity , 1215.8556289716018 , Infinity
Infinity , 1215.8556289716018 , Infinity
Infinity , 1215.8556289716018 , Infinity
Infinity , 1215.8556289716018 , Infinity
Infinity , 1215.8556289716018 , Infinity
Infinity , 1215.8556289716018 , Infinity
Infinity , 1215.8556289716018 , Infinity
Infinity , 1215.8556289716018 , Infinity
Infinity , 1215.8556289716018 , Infinity
Infinity , 1215.8556289716018 , Infinity
Infinity , 1215.8556289716018 , Infinity
Infinity , 1215.8556289716018 , Infinity
Infinity , 1215.8556289716018 , Infinity
Infinity , 1215.8556289716018 , Infinity
Infinity , 1215.8556289716018 , Infinity
Infinity , 1215.8556289716018 , Infinity
Infinity , 1215.8556289716018 , Infinity
Infinity , 1215.8556289716018 , Infinity
Infinity , 1215.8556289716018 , Infinity
Infinity , 1215.8556289716018 , Infinity
Infinity , 1215.8556289716018 , Infinity
Infinity , 1215.8556289716018 , Infinity
Infinity , 1215.8556289716018 , Infinity
Infinity , 1215.8556289716018 , Infinity
Infinity , 1215.8556289716018 , Infinity
Infinity , 1215.8556289716018 , Infinity
Infinity , 1215.8556289716018 , Infinity
Infinity , 1215.8556289716018 , Infinity
Infinity , 1215.8556289716018 , Infinity
Infinity , 1215.8556289716018 , Infinity
Infinity , 1215.8556289716018 , Infinity
Infinity , 1215.8556289716018 , Infinity
Infinity , 1215.8556289716018 , Infinity
Infinity , 1215.8556289716018 , Infinity
Infinity , 1215.8556289716018 , Infinity
Infinity , 1215.8556289716018 , Infinity
Infinity , 1215.8556289716018 , Infinity
Infinity , 1215.8556289716018 , Infinity
Infinity , 1215.8556289716018 , Infinity
Infinity , 1215.8556289716018 , Infinity
Infinity , 1215.8556289716018 , Infinity
Infinity , 1215.8556289716018 , Infinity
Infinity , 1215.8556289716018 , Infinity
Infinity , 1215.8556289716018 , Infinity
Infinity , 1215.8556289716018 , Infinity
Infinity , 1215.8556289716018 , Infinity
Infinity , 1215.8556289716018 , Infinity
Infinity , 1215.8556289716018 , Infinity
Infinity , 1215.8556289716018 , Infinity
Infinity , 1215.8556289716018 , Infinity
Infinity , 1215.8556289716018 , Infinity
Infinity , 1215.8556289716018 , Infinity
Infinity , 1215.8556289716018 , Infinity
Infinity , 1215.8556289716018 , Infinity
Infinity , 1215.8556289716018 , Infinity
Infinity , 1215.8556289716018 , Infinity
Infinity , 1215.8556289716018 , Infinity
Infinity , 1215.8556289716018 , Infinity
Infinity , 1215.8556289716018 , Infinity
Infinity , 1215.8556289716018 , Infinity
Infinity , 1215.8556289716018 , Infinity
Infinity , 1215.8556289716018 , Infinity
Infinity , 1215.8556289716018 , Infinity
Infinity , 1215.8556289716018 , Infinity
Infinity , 1215.8556289716018 , Infinity
Infinity , 1215.8556289716018 , Infinity
Infinity , 1215.8556289716018 , Infinity
Infinity , 1215.8556289716018 , Infinity
Infinity , 1215.8556289716018 , Infinity
Infinity , 1215.8556289716018 , Infinity
Infinity , 1215.8556289716018 , Infinity
Infinity , 1215.8556289716018 , Infinity
Infinity , 1215.8556289716018 , Infinity
Infinity , 1215.8556289716018 , Infinity
Infinity , 1215.8556289716018 , Infinity
Infinity , 1215.8556289716018 , Infinity
Infinity , 1215.8556289716018 , Infinity
Infinity , 1215.8556289716018 , Infinity
Infinity , 1215.8556289716018 , Infinity
Infinity , 1215.8556289716018 , Infinity
Infinity , 1215.8556289716018 , Infinity
Infinity , 1215.8556289716018 , Infinity
Infinity , 1215.8556289716018 , Infinity
Infinity , 1215.8556289716018 , Infinity
Infinity , 1215.8556289716018 , Infinity
Infinity , 1215.8556289716018 , Infinity
Infinity , 1215.8556289716018 , Infinity
Infinity , 1215.8556289716018 , Infinity
Infinity , 1215.8556289716018 , Infinity
Infinity , 1215.8556289716018 , Infinity
Infinity , 1215.8556289716018 , Infinity
Infinity , 1215.8556289716018 , Infinity
Infinity , 1215.8556289716018 , Infinity
Infinity , 1215.8556289716018 , Infinity
Infinity , 1215.8556289716018 , Infinity
Infinity , 1215.8556289716018 , Infinity
Infinity , 1215.8556289716018 , Infinity
Infinity , 1215.8556289716018 , Infinity
Infinity , 1215.8556289716018 , Infinity
Infinity , 1215.8556289716018 , Infinity
Infinity , 1215.8556289716018 , Infinity
Infinity , 1215.8556289716018 , Infinity
Infinity , 1215.8556289716018 , Infinity
Infinity , 1215.8556289716018 , Infinity
Infinity , 1215.8556289716018 , Infinity
Infinity , 1215.8556289716018 , Infinity
Infinity , 1215.8556289716018 , Infinity
Infinity , 1215.8556289716018 , Infinity
Infinity , 1215.8556289716018 , Infinity
Infinity , 1215.8556289716018 , Infinity
Infinity , 1215.8556289716018 , Infinity
Infinity , 1215.8556289716018 , Infinity
Infinity , 1215.8556289716018 , Infinity
Infinity , 1215.8556289716018 , Infinity
Infinity , 1215.8556289716018 , Infinity
Infinity , 1215.8556289716018 , Infinity
Infinity , 1215.8556289716018 , Infinity
Infinity , 1215.8556289716018 , Infinity
Infinity , 1215.8556289716018 , Infinity
Infinity , 1215.8556289716018 , Infinity
Infinity , 1215.8556289716018 , Infinity
Infinity , 1215.8556289716018 , Infinity
Infinity , 1215.8556289716018 , Infinity
Infinity , 1215.8556289716018 , Infinity
Infinity , 1215.8556289716018 , Infinity
Infinity , 1215.8556289716018 , Infinity
Infinity , 1215.8556289716018 , Infinity
Infinity , 1215.8556289716018 , Infinity
Infinity , 1215.8556289716018 , Infinity
Infinity , 1215.8556289716018 , Infinity
Infinity , 1215.8556289716018 , Infinity
Infinity , 1215.8556289716018 , Infinity
Infinity , 1215.8556289716018 , Infinity
Infinity , 1215.8556289716018 , Infinity
Infinity , 1215.8556289716018 , Infinity
Infinity , 1215.8556289716018 , Infinity
Infinity , 1215.8556289716018 , Infinity
Infinity , 1215.8556289716018 , Infinity
Infinity , 1215.8556289716018 , Infinity
Infinity , 1215.8556289716018 , Infinity
Infinity , 1215.8556289716018 , Infinity
Infinity , 1215.8556289716018 , Infinity
Infinity , 1215.8556289716018 , Infinity
Infinity , 1215.8556289716018 , Infinity
Infinity , 1215.8556289716018 , Infinity
Infinity , 1215.8556289716018 , Infinity
Infinity , 1215.8556289716018 , Infinity
Infinity , 1215.8556289716018 , Infinity
Infinity , 1215.8556289716018 , Infinity
Infinity , 1215.8556289716018 , Infinity
Infinity , 1215.8556289716018 , Infinity
Infinity , 1215.8556289716018 , Infinity
Infinity , 1215.8556289716018 , Infinity
Infinity , 1215.8556289716018 , Infinity
Infinity , 1215.8556289716018 , Infinity
Infinity , 1215.8556289716018 , Infinity
Infinity , 1215.8556289716018 , Infinity
Infinity , 1215.8556289716018 , Infinity
Infinity , 1215.8556289716018 , Infinity
Infinity , 1215.8556289716018 , Infinity
Infinity , 1215.8556289716018 , Infinity
Infinity , 1215.8556289716018 , Infinity
Infinity , 1215.8556289716018 , Infinity
Infinity , 1215.8556289716018 , Infinity
Infinity , 1215.8556289716018 , Infinity
Infinity , 1215.8556289716018 , Infinity
Infinity , 1215.8556289716018 , Infinity
Infinity , 1215.8556289716018 , Infinity
Infinity , 1215.8556289716018 , Infinity
Infinity , 1215.8556289716018 , Infinity
Infinity , 1215.8556289716018 , Infinity
Infinity , 1215.8556289716018 , Infinity
Infinity , 1215.8556289716018 , Infinity
Infinity , 1215.8556289716018 , Infinity
Infinity , 1215.8556289716018 , Infinity
Infinity , 1215.8556289716018 , Infinity
Infinity , 1215.8556289716018 , Infinity
Infinity , 1215.8556289716018 , Infinity
Infinity , 1215.8556289716018 , Infinity
Infinity , 1215.8556289716018 , Infinity
Infinity , 1215.8556289716018 , Infinity
Infinity , 1215.8556289716018 , Infinity
Infinity , 1215.8556289716018 , Infinity
Infinity , 1215.8556289716018 , Infinity
Infinity , 1215.8556289716018 , Infinity
Infinity , 1215.8556289716018 , Infinity
Infinity , 1215.8556289716018 , Infinity
Infinity , 1215.8556289716018 , Infinity
Infinity , 1215.8556289716018 , Infinity
Infinity , 1215.8556289716018 , Infinity
Infinity , 1215.8556289716018 , Infinity
Infinity , 1215.8556289716018 , Infinity
Infinity , 1215.8556289716018 , Infinity
Infinity , 1215.8556289716018 , Infinity
Infinity , 1215.8556289716018 , Infinity
Infinity , 1215.8556289716018 , Infinity
Infinity , 1215.8556289716018 , Infinity
Infinity , 1215.8556289716018 , Infinity
Infinity , 1215.8556289716018 , Infinity
Infinity , 1215.8556289716018 , Infinity
Infinity , 1215.8556289716018 , Infinity
Infinity , 1215.8556289716018 , Infinity
Infinity , 1215.8556289716018 , Infinity
Infinity , 1215.8556289716018 , Infinity
Infinity , 1215.8556289716018 , Infinity
Infinity , 1215.8556289716018 , Infinity
Infinity , 1215.8556289716018 , Infinity
Infinity , 1215.8556289716018 , Infinity
Infinity , 1215.8556289716018 , Infinity
Infinity , 1215.8556289716018 , Infinity
Infinity , 1215.8556289716018 , Infinity
Infinity , 1215.8556289716018 , Infinity
Infinity , 1215.8556289716018 , Infinity
Infinity , 1215.8556289716018 , Infinity
Infinity , 1215.8556289716018 , Infinity
Infinity , 1215.8556289716018 , Infinity
Infinity , 1215.8556289716018 , Infinity
Infinity , 1215.8556289716018 , Infinity
Infinity , 1215.8556289716018 , Infinity
Infinity , 1215.8556289716018 , Infinity
Infinity , 1215.8556289716018 , Infinity
Infinity , 1215.8556289716018 , Infinity
Infinity , 1215.8556289716018 , Infinity
Infinity , 1215.8556289716018 , Infinity
Infinity , 1215.8556289716018 , Infinity
Infinity , 1215.8556289716018 , Infinity
Infinity , 1215.8556289716018 , Infinity
Infinity , 1215.8556289716018 , Infinity
Infinity , 1215.8556289716018 , Infinity
Infinity , 1215.8556289716018 , Infinity
Infinity , 1215.8556289716018 , Infinity
Infinity , 1215.8556289716018 , Infinity
Infinity , 1215.8556289716018 , Infinity
Infinity , 1215.8556289716018 , Infinity
Infinity , 1215.8556289716018 , Infinity
Infinity , 1215.8556289716018 , Infinity
Infinity , 1215.8556289716018 , Infinity
Infinity , 1215.8556289716018 , Infinity
Infinity , 1215.8556289716018 , Infinity
Infinity , 1215.8556289716018 , Infinity
Infinity , 1215.8556289716018 , Infinity
Infinity , 1215.8556289716018 , Infinity
Infinity , 1215.8556289716018 , Infinity
Infinity , 1215.8556289716018 , Infinity
Infinity , 1215.8556289716018 , Infinity
Infinity , 1215.8556289716018 , Infinity
Infinity , 1215.8556289716018 , Infinity
Infinity , 1215.8556289716018 , Infinity
Infinity , 1215.8556289716018 , Infinity
Infinity , 1215.8556289716018 , Infinity
Infinity , 1215.8556289716018 , Infinity
Infinity , 1215.8556289716018 , Infinity
Infinity , 1215.8556289716018 , Infinity
Infinity , 1215.8556289716018 , Infinity
Infinity , 1215.8556289716018 , Infinity
Infinity , 1215.8556289716018 , Infinity
Infinity , 1215.8556289716018 , Infinity
Infinity , 1215.8556289716018 , Infinity
Infinity , 1215.8556289716018 , Infinity
Infinity , 1215.8556289716018 , Infinity
Infinity , 1215.8556289716018 , Infinity
Infinity , 1215.8556289716018 , Infinity
Infinity , 1215.8556289716018 , Infinity
Infinity , 1215.8556289716018 , Infinity
Infinity , 1215.8556289716018 , Infinity
Infinity , 1215.8556289716018 , Infinity
Infinity , 1215.8556289716018 , Infinity
Infinity , 1215.8556289716018 , Infinity
Infinity , 1215.8556289716018 , Infinity
Infinity , 1215.8556289716018 , Infinity
Infinity , 1215.8556289716018 , Infinity
Infinity , 1215.8556289716018 , Infinity
Infinity , 1215.8556289716018 , Infinity
Infinity , 1215.8556289716018 , Infinity
Infinity , 1215.8556289716018 , Infinity
Infinity , 1215.8556289716018 , Infinity
Infinity , 1215.8556289716018 , Infinity
Infinity , 1215.8556289716018 , Infinity
Infinity , 1215.8556289716018 , Infinity
Infinity , 1215.8556289716018 , Infinity
Infinity , 1215.8556289716018 , Infinity
Infinity , 1215.8556289716018 , Infinity
Infinity , 1215.8556289716018 , Infinity
Infinity , 1215.8556289716018 , Infinity
Infinity , 1215.8556289716018 , Infinity
Infinity , 1215.8556289716018 , Infinity
Infinity , 1215.8556289716018 , Infinity
Infinity , 1215.8556289716018 , Infinity
Infinity , 1215.8556289716018 , Infinity
Infinity , 1215.8556289716018 , Infinity
Infinity , 1215.8556289716018 , Infinity
Infinity , 1215.8556289716018 , Infinity
Infinity , 1215.8556289716018 , Infinity
Infinity , 1215.8556289716018 , Infinity
Infinity , 1215.8556289716018 , Infinity
Infinity , 1215.8556289716018 , Infinity
Infinity , 1215.8556289716018 , Infinity
Infinity , 1215.8556289716018 , Infinity
Infinity , 1215.8556289716018 , Infinity
Infinity , 1215.8556289716018 , Infinity
Infinity , 1215.8556289716018 , Infinity
Infinity , 1215.8556289716018 , Infinity
Infinity , 1215.8556289716018 , Infinity
Infinity , 1215.8556289716018 , Infinity
Infinity , 1215.8556289716018 , Infinity
Infinity , 1215.8556289716018 , Infinity
Infinity , 1215.8556289716018 , Infinity
Infinity , 1215.8556289716018 , Infinity
Infinity , 1215.8556289716018 , Infinity
Infinity , 1215.8556289716018 , Infinity
Infinity , 1215.8556289716018 , Infinity
Infinity , 1215.8556289716018 , Infinity
Infinity , 1215.8556289716018 , Infinity
Infinity , 1215.8556289716018 , Infinity
Infinity , 1215.8556289716018 , Infinity
Infinity , 1215.8556289716018 , Infinity
Infinity , 1215.8556289716018 , Infinity
Infinity , 1215.8556289716018 , Infinity
Infinity , 1215.8556289716018 , Infinity
Infinity , 1215.8556289716018 , Infinity
Infinity , 1215.8556289716018 , Infinity
Infinity , 1215.8556289716018 , Infinity
Infinity , 1215.8556289716018 , Infinity
Infinity , 1215.8556289716018 , Infinity
Infinity , 1215.8556289716018 , Infinity
Infinity , 1215.8556289716018 , Infinity
Infinity , 1215.8556289716018 , Infinity
Infinity , 1215.8556289716018 , Infinity
Infinity , 1215.8556289716018 , Infinity
Infinity , 1215.8556289716018 , Infinity
Infinity , 1215.8556289716018 , Infinity
Infinity , 1215.8556289716018 , Infinity
Infinity , 1215.8556289716018 , Infinity
Infinity , 1215.8556289716018 , Infinity
Infinity , 1215.8556289716018 , Infinity
Infinity , 1215.8556289716018 , Infinity
Infinity , 1215.8556289716018 , Infinity
Infinity , 1215.8556289716018 , Infinity
Infinity , 1215.8556289716018 , Infinity
Infinity , 1215.8556289716018 , Infinity
Infinity , 1215.8556289716018 , Infinity
Infinity , 1215.8556289716018 , Infinity
Infinity , 1215.8556289716018 , Infinity
Infinity , 1215.8556289716018 , Infinity
Infinity , 1215.8556289716018 , Infinity
Infinity , 1215.8556289716018 , Infinity
Infinity , 1215.8556289716018 , Infinity
Infinity , 1215.8556289716018 , Infinity
Infinity , 1215.8556289716018 , Infinity
Infinity , 1215.8556289716018 , Infinity
Infinity , 1215.8556289716018 , Infinity
Infinity , 1215.8556289716018 , Infinity
Infinity , 1215.8556289716018 , Infinity
Infinity , 1215.8556289716018 , Infinity
Infinity , 1215.8556289716018 , Infinity
Infinity , 1215.8556289716018 , Infinity
Infinity , 1215.8556289716018 , Infinity
Infinity , 1215.8556289716018 , Infinity
Infinity , 1215.8556289716018 , Infinity
Infinity , 1215.8556289716018 , Infinity
Infinity , 1215.8556289716018 , Infinity
Infinity , 1215.8556289716018 , Infinity
Infinity , 1215.8556289716018 , Infinity
Infinity , 1215.8556289716018 , Infinity
Infinity , 1215.8556289716018 , Infinity
Infinity , 1215.8556289716018 , Infinity
Infinity , 1215.8556289716018 , Infinity
Infinity , 1215.8556289716018 , Infinity
Infinity , 1215.8556289716018 , Infinity
Infinity , 1215.8556289716018 , Infinity
Infinity , 1215.8556289716018 , Infinity
Infinity , 1215.8556289716018 , Infinity
Infinity , 1215.8556289716018 , Infinity
Infinity , 1215.8556289716018 , Infinity
Infinity , 1215.8556289716018 , Infinity
Infinity , 1215.8556289716018 , Infinity
Infinity , 1215.8556289716018 , Infinity
Infinity , 1215.8556289716018 , Infinity
Infinity , 1215.8556289716018 , Infinity
Infinity , 1215.8556289716018 , Infinity
Infinity , 1215.8556289716018 , Infinity
Infinity , 1215.8556289716018 , Infinity
Infinity , 1215.8556289716018 , Infinity
Infinity , 1215.8556289716018 , Infinity
Infinity , 1215.8556289716018 , Infinity
Infinity , 1215.8556289716018 , Infinity
Infinity , 1215.8556289716018 , Infinity
Infinity , 1215.8556289716018 , Infinity
Infinity , 1215.8556289716018 , Infinity
Infinity , 1215.8556289716018 , Infinity
Infinity , 1215.8556289716018 , Infinity
Infinity , 1215.8556289716018 , Infinity
Infinity , 1215.8556289716018 , Infinity
Infinity , 1215.8556289716018 , Infinity
Infinity , 1215.8556289716018 , Infinity
Infinity , 1215.8556289716018 , Infinity
Infinity , 1215.8556289716018 , Infinity
Infinity , 1215.8556289716018 , Infinity
Infinity , 1215.8556289716018 , Infinity
Infinity , 1215.8556289716018 , Infinity
Infinity , 1215.8556289716018 , Infinity
Infinity , 1215.8556289716018 , Infinity
Infinity , 1215.8556289716018 , Infinity
Infinity , 1215.8556289716018 , Infinity
Infinity , 1215.8556289716018 , Infinity
Infinity , 1215.8556289716018 , Infinity
Infinity , 1215.8556289716018 , Infinity
Infinity , 1215.8556289716018 , Infinity
Infinity , 1215.8556289716018 , Infinity
Infinity , 1215.8556289716018 , Infinity
Infinity , 1215.8556289716018 , Infinity
Infinity , 1215.8556289716018 , Infinity
Infinity , 1215.8556289716018 , Infinity
Infinity , 1215.8556289716018 , Infinity
Infinity , 1215.8556289716018 , Infinity
Infinity , 1215.8556289716018 , Infinity
Infinity , 1215.8556289716018 , Infinity
Infinity , 1215.8556289716018 , Infinity
Infinity , 1215.8556289716018 , Infinity
Infinity , 1215.8556289716018 , Infinity
Infinity , 1215.8556289716018 , Infinity
Infinity , 1215.8556289716018 , Infinity
Infinity , 1215.8556289716018 , Infinity
Infinity , 1215.8556289716018 , Infinity
Infinity , 1215.8556289716018 , Infinity
Infinity , 1215.8556289716018 , Infinity
Infinity , 1215.8556289716018 , Infinity
Infinity , 1215.8556289716018 , Infinity
Infinity , 1215.8556289716018 , Infinity
Infinity , 1215.8556289716018 , Infinity
Infinity , 1215.8556289716018 , Infinity
Infinity , 1215.8556289716018 , Infinity
Infinity , 1215.8556289716018 , Infinity
Infinity , 1215.8556289716018 , Infinity
Infinity , 1215.8556289716018 , Infinity
Infinity , 1215.8556289716018 , Infinity
Infinity , 1215.8556289716018 , Infinity
Infinity , 1215.8556289716018 , Infinity
Infinity , 1215.8556289716018 , Infinity
Infinity , 1215.8556289716018 , Infinity
Infinity , 1215.8556289716018 , Infinity
Infinity , 1215.8556289716018 , Infinity
Infinity , 1215.8556289716018 , Infinity
Infinity , 1215.8556289716018 , Infinity
Infinity , 1215.8556289716018 , Infinity
Infinity , 1215.8556289716018 , Infinity
Infinity , 1215.8556289716018 , Infinity
Infinity , 1215.8556289716018 , Infinity
Infinity , 1215.8556289716018 , Infinity
Infinity , 1215.8556289716018 , Infinity
Infinity , 1215.8556289716018 , Infinity
Infinity , 1215.8556289716018 , Infinity
Infinity , 1215.8556289716018 , Infinity
Infinity , 1215.8556289716018 , Infinity
Infinity , 1215.8556289716018 , Infinity
Infinity , 1215.8556289716018 , Infinity
Infinity , 1215.8556289716018 , Infinity
Infinity , 1215.8556289716018 , Infinity
Infinity , 1215.8556289716018 , Infinity
Infinity , 1215.8556289716018 , Infinity
Infinity , 1215.8556289716018 , Infinity
Infinity , 1215.8556289716018 , Infinity
Infinity , 1215.8556289716018 , Infinity
Infinity , 1215.8556289716018 , Infinity
Infinity , 1215.8556289716018 , Infinity
Infinity , 1215.8556289716018 , Infinity
Infinity , 1215.8556289716018 , Infinity
Infinity , 1215.8556289716018 , Infinity
Infinity , 1215.8556289716018 , Infinity
Infinity , 1215.8556289716018 , Infinity
Infinity , 1215.8556289716018 , Infinity
Infinity , 1215.8556289716018 , Infinity
Infinity , 1215.8556289716018 , Infinity
Infinity , 1215.8556289716018 , Infinity
Infinity , 1215.8556289716018 , Infinity
Infinity , 1215.8556289716018 , Infinity
Infinity , 1215.8556289716018 , Infinity
Infinity , 1215.8556289716018 , Infinity
Infinity , 1215.8556289716018 , Infinity
Infinity , 1215.8556289716018 , Infinity
Infinity , 1215.8556289716018 , Infinity
Infinity , 1215.8556289716018 , Infinity
Infinity , 1215.8556289716018 , Infinity
Infinity , 1215.8556289716018 , Infinity
Infinity , 1215.8556289716018 , Infinity
Infinity , 1215.8556289716018 , Infinity
Infinity , 1215.8556289716018 , Infinity
Infinity , 1215.8556289716018 , Infinity
Infinity , 1215.8556289716018 , Infinity
Infinity , 1215.8556289716018 , Infinity
Infinity , 1215.8556289716018 , Infinity
Infinity , 1215.8556289716018 , Infinity
Infinity , 1215.8556289716018 , Infinity
Infinity , 1215.8556289716018 , Infinity
Infinity , 1215.8556289716018 , Infinity
Infinity , 1215.8556289716018 , Infinity
Infinity , 1215.8556289716018 , Infinity
Infinity , 1215.8556289716018 , Infinity
Infinity , 1215.8556289716018 , Infinity
Infinity , 1215.8556289716018 , Infinity
Infinity , 1215.8556289716018 , Infinity
Infinity , 1215.8556289716018 , Infinity
Infinity , 1215.8556289716018 , Infinity
Infinity , 1215.8556289716018 , Infinity
Infinity , 1215.8556289716018 , Infinity
Infinity , 1215.8556289716018 , Infinity
Infinity , 1215.8556289716018 , Infinity
Infinity , 1215.8556289716018 , Infinity
Infinity , 1215.8556289716018 , Infinity
Infinity , 1215.8556289716018 , Infinity
Infinity , 1215.8556289716018 , Infinity
Infinity , 1215.8556289716018 , Infinity
Infinity , 1215.8556289716018 , Infinity
Infinity , 1215.8556289716018 , Infinity
Infinity , 1215.8556289716018 , Infinity
Infinity , 1215.8556289716018 , Infinity
Infinity , 1215.8556289716018 , Infinity
Infinity , 1215.8556289716018 , Infinity
Infinity , 1215.8556289716018 , Infinity
Infinity , 1215.8556289716018 , Infinity
Infinity , 1215.8556289716018 , Infinity
Infinity , 1215.8556289716018 , Infinity
Infinity , 1215.8556289716018 , Infinity
Infinity , 1215.8556289716018 , Infinity
Infinity , 1215.8556289716018 , Infinity
Infinity , 1215.8556289716018 , Infinity
Infinity , 1215.8556289716018 , Infinity
Infinity , 1215.8556289716018 , Infinity
Infinity , 1215.8556289716018 , Infinity
Infinity , 1215.8556289716018 , Infinity
Infinity , 1215.8556289716018 , Infinity
Infinity , 1215.8556289716018 , Infinity
Infinity , 1215.8556289716018 , Infinity
Infinity , 1215.8556289716018 , Infinity
Infinity , 1215.8556289716018 , Infinity
Infinity , 1215.8556289716018 , Infinity
Infinity , 1215.8556289716018 , Infinity
Infinity , 1215.8556289716018 , Infinity
Infinity , 1215.8556289716018 , Infinity
Infinity , 1215.8556289716018 , Infinity
Infinity , 1215.8556289716018 , Infinity
Infinity , 1215.8556289716018 , Infinity
Infinity , 1215.8556289716018 , Infinity
Infinity , 1215.8556289716018 , Infinity
Infinity , 1215.8556289716018 , Infinity
Infinity , 1215.8556289716018 , Infinity
Infinity , 1215.8556289716018 , Infinity
Infinity , 1215.8556289716018 , Infinity
Infinity , 1215.8556289716018 , Infinity
Infinity , 1215.8556289716018 , Infinity
Infinity , 1215.8556289716018 , Infinity
Infinity , 1215.8556289716018 , Infinity
Infinity , 1215.8556289716018 , Infinity
Infinity , 1215.8556289716018 , Infinity
Infinity , 1215.8556289716018 , Infinity
Infinity , 1215.8556289716018 , Infinity
Infinity , 1215.8556289716018 , Infinity
Infinity , 1215.8556289716018 , Infinity
Infinity , 1215.8556289716018 , Infinity
Infinity , 1215.8556289716018 , Infinity
Infinity , 1215.8556289716018 , Infinity
Infinity , 1215.8556289716018 , Infinity
Infinity , 1215.8556289716018 , Infinity
Infinity , 1215.8556289716018 , Infinity
Infinity , 1215.8556289716018 , Infinity
Infinity , 1215.8556289716018 , Infinity
Infinity , 1215.8556289716018 , Infinity
Infinity , 1215.8556289716018 , Infinity
Infinity , 1215.8556289716018 , Infinity
Infinity , 1215.8556289716018 , Infinity
Infinity , 1215.8556289716018 , Infinity
Infinity , 1215.8556289716018 , Infinity
Infinity , 1215.8556289716018 , Infinity
Infinity , 1215.8556289716018 , Infinity
Infinity , 1215.8556289716018 , Infinity
Infinity , 1215.8556289716018 , Infinity
Infinity , 1215.8556289716018 , Infinity
Infinity , 1215.8556289716018 , Infinity
Infinity , 1215.8556289716018 , Infinity
Infinity , 1215.8556289716018 , Infinity
Infinity , 1215.8556289716018 , Infinity
Infinity , 1215.8556289716018 , Infinity
Infinity , 1215.8556289716018 , Infinity
Infinity , 1215.8556289716018 , Infinity
Infinity , 1215.8556289716018 , Infinity
Infinity , 1215.8556289716018 , Infinity
Infinity , 1215.8556289716018 , Infinity
Infinity , 1215.8556289716018 , Infinity
Infinity , 1215.8556289716018 , Infinity
Infinity , 1215.8556289716018 , Infinity
Infinity , 1215.8556289716018 , Infinity
Infinity , 1215.8556289716018 , Infinity
Infinity , 1215.8556289716018 , Infinity
Infinity , 1215.8556289716018 , Infinity
Infinity , 1215.8556289716018 , Infinity
Infinity , 1215.8556289716018 , Infinity
Infinity , 1215.8556289716018 , Infinity
Infinity , 1215.8556289716018 , Infinity
Infinity , 1215.8556289716018 , Infinity
Infinity , 1215.8556289716018 , Infinity
Infinity , 1215.8556289716018 , Infinity
Infinity , 1215.8556289716018 , Infinity
Infinity , 1215.8556289716018 , Infinity
Infinity , 1215.8556289716018 , Infinity
Infinity , 1215.8556289716018 , Infinity
Infinity , 1215.8556289716018 , Infinity
Infinity , 1215.8556289716018 , Infinity
Infinity , 1215.8556289716018 , Infinity
Infinity , 1215.8556289716018 , Infinity
Infinity , 1215.8556289716018 , Infinity
Infinity , 1215.8556289716018 , Infinity
Infinity , 1215.8556289716018 , Infinity
Infinity , 1215.8556289716018 , Infinity
Infinity , 1215.8556289716018 , Infinity
Infinity , 1215.8556289716018 , Infinity
Infinity , 1215.8556289716018 , Infinity
Infinity , 1215.8556289716018 , Infinity
Infinity , 1215.8556289716018 , Infinity
Infinity , 1215.8556289716018 , Infinity
Infinity , 1215.8556289716018 , Infinity
Infinity , 1215.8556289716018 , Infinity
Infinity , 1215.8556289716018 , Infinity
Infinity , 1215.8556289716018 , Infinity
Infinity , 1215.8556289716018 , Infinity
Infinity , 1215.8556289716018 , Infinity
Infinity , 1215.8556289716018 , Infinity
Infinity , 1215.8556289716018 , Infinity
Infinity , 1215.8556289716018 , Infinity
Infinity , 1215.8556289716018 , Infinity
Infinity , 1215.8556289716018 , Infinity
Infinity , 1215.8556289716018 , Infinity
Infinity , 1215.8556289716018 , Infinity
Infinity , 1215.8556289716018 , Infinity
Infinity , 1215.8556289716018 , Infinity
Infinity , 1215.8556289716018 , Infinity
Infinity , 1215.8556289716018 , Infinity
Infinity , 1215.8556289716018 , Infinity
Infinity , 1215.8556289716018 , Infinity
Infinity , 1215.8556289716018 , Infinity
Infinity , 1215.8556289716018 , Infinity
Infinity , 1215.8556289716018 , Infinity
Infinity , 1215.8556289716018 , Infinity
Infinity , 1215.8556289716018 , Infinity
Infinity , 1215.8556289716018 , Infinity
Infinity , 1215.8556289716018 , Infinity
Infinity , 1215.8556289716018 , Infinity
Infinity , 1215.8556289716018 , Infinity
Infinity , 1215.8556289716018 , Infinity
Infinity , 1215.8556289716018 , Infinity
Infinity , 1215.8556289716018 , Infinity
Infinity , 1215.8556289716018 , Infinity
Infinity , 1215.8556289716018 , Infinity
Infinity , 1215.8556289716018 , Infinity
Infinity , 1215.8556289716018 , Infinity
Infinity , 1215.8556289716018 , Infinity
Infinity , 1215.8556289716018 , Infinity
Infinity , 1215.8556289716018 , Infinity
Infinity , 1215.8556289716018 , Infinity
Infinity , 1215.8556289716018 , Infinity
Infinity , 1215.8556289716018 , Infinity
Infinity , 1215.8556289716018 , Infinity
Infinity , 1215.8556289716018 , Infinity
Infinity , 1215.8556289716018 , Infinity
Infinity , 1215.8556289716018 , Infinity
Infinity , 1215.8556289716018 , Infinity
Infinity , 1215.8556289716018 , Infinity
Infinity , 1215.8556289716018 , Infinity
Infinity , 1215.8556289716018 , Infinity
Infinity , 1215.8556289716018 , Infinity
Infinity , 1215.8556289716018 , Infinity
Infinity , 1215.8556289716018 , Infinity
Infinity , 1215.8556289716018 , Infinity
Infinity , 1215.8556289716018 , Infinity
Infinity , 1215.8556289716018 , Infinity
Infinity , 1215.8556289716018 , Infinity
Infinity , 1215.8556289716018 , Infinity
Infinity , 1215.8556289716018 , Infinity
Infinity , 1215.8556289716018 , Infinity
Infinity , 1215.8556289716018 , Infinity
Infinity , 1215.8556289716018 , Infinity
Infinity , 1215.8556289716018 , Infinity
Infinity , 1215.8556289716018 , Infinity
Infinity , 1215.8556289716018 , Infinity
Infinity , 1215.8556289716018 , Infinity
Infinity , 1215.8556289716018 , Infinity
Infinity , 1215.8556289716018 , Infinity
Infinity , 1215.8556289716018 , Infinity
Infinity , 1215.8556289716018 , Infinity
Infinity , 1215.8556289716018 , Infinity
Infinity , 1215.8556289716018 , Infinity
Infinity , 1215.8556289716018 , Infinity
Infinity , 1215.8556289716018 , Infinity
Infinity , 1215.8556289716018 , Infinity
Infinity , 1215.8556289716018 , Infinity
Infinity , 1215.8556289716018 , Infinity
Infinity , 1215.8556289716018 , Infinity
Infinity , 1215.8556289716018 , Infinity
Infinity , 1215.8556289716018 , Infinity
Infinity , 1215.8556289716018 , Infinity
Infinity , 1215.8556289716018 , Infinity
Infinity , 1215.8556289716018 , Infinity
Infinity , 1215.8556289716018 , Infinity
Infinity , 1215.8556289716018 , Infinity
Infinity , 1215.8556289716018 , Infinity
Infinity , 1215.8556289716018 , Infinity
Infinity , 1215.8556289716018 , Infinity
Infinity , 1215.8556289716018 , Infinity
Infinity , 1215.8556289716018 , Infinity
Infinity , 1215.8556289716018 , Infinity
Infinity , 1215.8556289716018 , Infinity
Infinity , 1215.8556289716018 , Infinity
Infinity , 1215.8556289716018 , Infinity
Infinity , 1215.8556289716018 , Infinity
Infinity , 1215.8556289716018 , Infinity
Infinity , 1215.8556289716018 , Infinity
Infinity , 1215.8556289716018 , Infinity
Infinity , 1215.8556289716018 , Infinity
Infinity , 1215.8556289716018 , Infinity
Infinity , 1215.8556289716018 , Infinity
Infinity , 1215.8556289716018 , Infinity
Infinity , 1215.8556289716018 , Infinity
Infinity , 1215.8556289716018 , Infinity
Infinity , 1215.8556289716018 , Infinity
Infinity , 1215.8556289716018 , Infinity
Infinity , 1215.8556289716018 , Infinity
Infinity , 1215.8556289716018 , Infinity
Infinity , 1215.8556289716018 , Infinity
Infinity , 1215.8556289716018 , Infinity
Infinity , 1215.8556289716018 , Infinity
Infinity , 1215.8556289716018 , Infinity
Infinity , 1215.8556289716018 , Infinity
Infinity , 1215.8556289716018 , Infinity
Infinity , 1215.8556289716018 , Infinity
Infinity , 1215.8556289716018 , Infinity
Infinity , 1215.8556289716018 , Infinity
Infinity , 1215.8556289716018 , Infinity
Infinity , 1215.8556289716018 , Infinity
Infinity , 1215.8556289716018 , Infinity
Infinity , 1215.8556289716018 , Infinity
Infinity , 1215.8556289716018 , Infinity
Infinity , 1215.8556289716018 , Infinity
Infinity , 1215.8556289716018 , Infinity
Infinity , 1215.8556289716018 , Infinity
Infinity , 1215.8556289716018 , Infinity
Infinity , 1215.8556289716018 , Infinity
Infinity , 1215.8556289716018 , Infinity
Infinity , 1215.8556289716018 , Infinity
Infinity , 1215.8556289716018 , Infinity
Infinity , 1215.8556289716018 , Infinity
Infinity , 1215.8556289716018 , Infinity
Infinity , 1215.8556289716018 , Infinity
Infinity , 1215.8556289716018 , Infinity
Infinity , 1215.8556289716018 , Infinity
Infinity , 1215.8556289716018 , Infinity
Infinity , 1215.8556289716018 , Infinity
Infinity , 1215.8556289716018 , Infinity
Infinity , 1215.8556289716018 , Infinity
Infinity , 1215.8556289716018 , Infinity
Infinity , 1215.8556289716018 , Infinity
Infinity , 1215.8556289716018 , Infinity
Infinity , 1215.8556289716018 , Infinity
Infinity , 1215.8556289716018 , Infinity
Infinity , 1215.8556289716018 , Infinity
Infinity , 1215.8556289716018 , Infinity
Infinity , 1215.8556289716018 , Infinity
Infinity , 1215.8556289716018 , Infinity
Infinity , 1215.8556289716018 , Infinity
Infinity , 1215.8556289716018 , Infinity
Infinity , 1215.8556289716018 , Infinity
Infinity , 1215.8556289716018 , Infinity
Infinity , 1215.8556289716018 , Infinity
Infinity , 1215.8556289716018 , Infinity
Infinity , 1215.8556289716018 , Infinity
Infinity , 1215.8556289716018 , Infinity
Infinity , 1215.8556289716018 , Infinity
Infinity , 1215.8556289716018 , Infinity
Infinity , 1215.8556289716018 , Infinity
